30/12/2017	22:38:21	019003	G488132273MLR	L488	S		622.2489	1.0216	0.0000	99.9748	39.7776	0.8230	0.8254	4.0000	20.0321	713.2180	94.8724	12.4520	24.6666	0.9300	0.9424	0.5783	-0.0027	713.0000	713.7256	1.0256	-2.0000	100.0330	39.5483	0.8230	0.8250	5.0000	-9999.0000	-9999.0000	-9999.0000	-9999.0000	-9999.0000	-9999.0000	20.8436	8	0	25.2828	1.0000	99	9	-9999.0000	32933	14301	-9999	2366	2364	-9999	388.5797	5	0.5430	0.5783	-0.0027	55.9350	3.1016	619.4301	328.3481	35.2725	570.9292	94.4585	617.6490	93.4468	629.5115	94.1826	641.4651	94.8954	
30/12/2017	22:38:46	019003	G488132277MLR	L488	S		621.8232	1.0216	0.0000	99.9771	39.6410	0.8230	0.8260	4.0000	20.0624	713.1270	94.8954	12.5516	24.6666	0.9300	0.9424	0.5841	-0.0032	713.0000	713.7016	1.0256	-2.0000	100.0389	39.7846	0.8230	0.8255	5.0000	-9999.0000	-9999.0000	-9999.0000	-9999.0000	-9999.0000	-9999.0000	20.7733	1	0	25.3045	1.0000	99	9	-9999.0000	32934	14302	-9999	2367	2365	-9999	388.3705	5	0.5432	0.5841	-0.0032	62.8163	2.4813	614.6015	334.4778	37.5489	567.2769	94.9184	613.0312	93.7917	624.3367	94.2516	636.1312	94.8954	
30/12/2017	22:39:11	019003	G488132287MLR	L488	S		594.8257	1.0216	0.0000	100.0453	39.9487	0.8230	0.8263	4.0000	20.0526	713.2151	94.8494	12.1511	24.6666	0.9300	0.9424	0.5823	-0.0031	713.0000	713.2299	1.0256	-2.0000	100.0366	39.7986	0.8230	0.8250	5.0000	-9999.0000	-9999.0000	-9999.0000	-9999.0000	-9999.0000	-9999.0000	20.9227	2	0	25.3532	1.0000	99	9	-9999.0000	32935	14303	-9999	2368	2366	-9999	388.8472	5	0.5431	0.5823	-0.0031	55.3804	2.9524	618.0769	328.5074	37.3649	559.5769	95.1254	616.0246	94.1596	628.7216	94.5045	640.9512	94.9414	
30/12/2017	22:39:37	019003	G488132283MLR	L488	S		619.8393	1.0216	0.0000	100.0744	40.0234	0.8230	0.8257	4.0000	20.0429	713.1376	94.8494	12.6815	24.6666	0.9300	0.9424	0.5857	-0.0033	713.0000	713.1794	1.0256	-2.0000	100.0420	39.5950	0.8230	0.8248	5.0000	-9999.0000	-9999.0000	-9999.0000	-9999.0000	-9999.0000	-9999.0000	20.9726	3	0	25.2935	1.0000	99	9	-9999.0000	32936	14304	-9999	2369	2367	-9999	387.9157	5	0.5437	0.5857	-0.0033	65.4512	1.9741	613.1252	354.3029	38.8135	568.9229	95.0794	611.3582	94.0906	623.1454	94.5505	634.7504	95.0104	
30/12/2017	22:40:02	019003	G488132309MLR	L488	S		625.3136	1.0216	0.0000	100.0124	39.7111	0.8230	0.8254	4.0000	20.0536	713.1079	94.8264	11.8308	24.6666	0.9300	0.9423	0.5859	-0.0033	713.0000	716.0755	1.0256	-2.0000	100.0394	39.6790	0.8230	0.8252	5.0000	-9999.0000	-9999.0000	-9999.0000	-9999.0000	-9999.0000	-9999.0000	20.8935	4	0	25.4537	1.0000	99	9	-9999.0000	32937	14305	-9999	2370	2368	-9999	389.9007	5	0.5434	0.5859	-0.0033	-136.0156	18.2117	620.2831	341.3203	36.6061	572.0359	95.4703	618.5496	94.3206	630.5151	94.5735	642.1128	94.9644	
30/12/2017	22:40:27	019003	G488132308MLR	L488	S		603.8906	1.0216	0.0000	99.9548	39.7435	0.8230	0.8260	4.0000	20.0632	713.1915	94.8954	13.6914	24.6666	0.9300	0.9423	0.5853	-0.0033	713.0000	714.5593	1.0256	-2.0000	100.0395	39.8126	0.8230	0.8252	5.0000	-9999.0000	-9999.0000	-9999.0000	-9999.0000	-9999.0000	-9999.0000	20.8934	5	0	25.2535	1.0000	99	9	-9999.0000	32938	14306	-9999	2370	2369	-9999	385.5102	5	0.5438	0.5853	-0.0033	66.3007	1.9681	580.6104	321.0270	36.0313	522.4829	96.2521	577.7340	94.3666	597.0908	94.6195	614.0251	94.9184	
30/12/2017	22:40:53	019003	G488132307MLR	L488	S		626.7583	1.0216	0.0000	99.9956	40.0382	0.8230	0.8261	4.0000	20.0731	713.1823	94.7805	11.9616	24.5641	0.9300	0.9423	0.5762	-0.0026	713.0000	718.3079	1.0256	-2.0000	100.0344	39.6910	0.8230	0.8249	5.0000	-9999.0000	-9999.0000	-9999.0000	-9999.0000	-9999.0000	-9999.0000	21.0029	6	0	25.3035	1.0000	99	9	-9999.0000	32939	14307	-9999	2371	2370	-9999	389.2511	5	0.5442	0.5762	-0.0026	-49.8115	11.2759	627.3722	328.1228	34.5367	570.5229	96.1831	625.7182	94.2746	637.0453	94.4126	648.2307	94.8954	
30/12/2017	22:41:18	019003	G488132306MLR	L488	S		626.4944	1.0216	0.0000	99.9890	39.9523	0.8230	0.8256	4.0000	20.0633	713.1238	94.7345	11.9517	24.5641	0.9300	0.9422	0.5747	-0.0024	713.0000	715.0049	1.0256	-2.0000	100.0383	39.6407	0.8230	0.8251	5.0000	-9999.0000	-9999.0000	-9999.0000	-9999.0000	-9999.0000	-9999.0000	20.8534	7	0	25.2438	1.0000	99	9	-9999.0000	32940	14308	-9999	2372	2371	-9999	389.2019	5	0.5445	0.5747	-0.0024	751.8523	-52.4979	629.3234	362.7242	39.7333	582.3312	95.8612	628.3179	94.4355	638.8287	94.6425	649.2673	94.9874	
30/12/2017	22:41:43	019003	G488132304MLR	L488	S		624.9829	1.0216	0.0000	99.9538	39.6878	0.8230	0.8255	4.0000	20.0429	713.2115	94.7345	11.7018	24.6666	0.9300	0.9424	0.5747	-0.0024	713.0000	711.9423	1.0256	-2.0000	100.0498	39.7599	0.8230	0.8253	5.0000	-9999.0000	-9999.0000	-9999.0000	-9999.0000	-9999.0000	-9999.0000	20.8133	8	0	25.2935	1.0000	99	9	-9999.0000	32941	14309	-9999	2373	2371	-9999	389.7087	5	0.5444	0.5747	-0.0024	-11.8049	8.2822	630.5682	339.8921	37.6409	581.6619	95.8612	628.7834	94.8954	641.3682	94.9414	651.0752	95.0334	
30/12/2017	22:42:08	019003	G488131795MLR	L488	S		624.8942	1.0216	0.0000	100.0274	39.8392	0.8230	0.8260	4.0000	20.0428	713.1281	94.7345	12.0720	24.5641	0.9300	0.9423	0.5747	-0.0024	713.0000	716.6361	1.0256	-2.0000	100.0346	39.7739	0.8230	0.8250	5.0000	-9999.0000	-9999.0000	-9999.0000	-9999.0000	-9999.0000	-9999.0000	20.8729	1	0	25.2731	1.0000	99	9	-9999.0000	32942	14310	-9999	2374	2372	-9999	388.9937	5	0.5435	0.5747	-0.0024	-17.4123	9.1164	629.5859	335.9605	38.8595	580.8557	95.7002	627.7671	94.9874	640.4908	94.8724	648.9775	95.0794	
30/12/2017	22:42:34	019003	G488131797MLR	L488	S		624.3881	1.0216	0.0000	99.9977	40.0431	0.8230	0.8260	4.0000	20.0927	713.1313	94.7115	11.6520	24.5641	0.9300	0.9422	0.5720	-0.0023	713.0000	711.2791	1.0256	-2.0000	100.0352	39.6451	0.8230	0.8249	5.0000	-9999.0000	-9999.0000	-9999.0000	-9999.0000	-9999.0000	-9999.0000	21.2627	2	0	25.3033	1.0000	99	9	-9999.0000	32943	14311	-9999	2375	2373	-9999	388.7232	5	0.5430	0.5720	-0.0023	-34.0120	10.4096	631.8684	339.6006	39.2964	579.9830	95.6772	630.0128	94.7345	641.2456	94.6425	651.2157	94.8264	
30/12/2017	22:42:59	019003	G488131801MLR	L488	S		618.3477	1.0216	0.0000	100.0147	39.9093	0.8230	0.8256	4.0000	20.0633	713.1642	94.7345	12.1121	24.5641	0.9300	0.9423	0.5698	-0.0022	713.0000	711.0470	1.0256	-2.0000	100.0749	39.6862	0.8230	0.8252	5.0000	-9999.0000	-9999.0000	-9999.0000	-9999.0000	-9999.0000	-9999.0000	20.8425	3	0	25.2341	1.0000	99	9	-9999.0000	32944	14312	-9999	2376	2374	-9999	387.7478	5	0.5428	0.5698	-0.0022	-39.2001	10.7948	631.6227	373.9698	38.8365	586.1189	95.7922	630.0692	95.0794	641.1542	94.9184	649.4122	95.0104	
30/12/2017	22:43:24	019003	G488131796MLR	L488	S		618.2439	1.0216	0.0000	100.0087	39.7157	0.8230	0.8257	4.0000	20.0535	713.1317	94.8034	13.0311	24.6666	0.9300	0.9425	0.5803	-0.0030	713.0000	715.2216	1.0256	-2.0000	100.0474	39.7778	0.8230	0.8252	5.0000	-9999.0000	-9999.0000	-9999.0000	-9999.0000	-9999.0000	-9999.0000	20.7821	4	0	25.3132	1.0000	99	9	-9999.0000	32945	14313	-9999	2377	2375	-9999	386.0444	5	0.5436	0.5803	-0.0030	-48.1668	11.6010	617.2374	342.9255	37.5259	568.4045	96.0681	615.4204	95.1254	628.5194	94.8954	640.1448	95.1024	
30/12/2017	22:43:50	019003	G488131800MLR	L488	S		618.7819	1.0216	0.0000	99.9663	39.8461	0.8230	0.8260	4.0000	20.0830	713.2065	94.7115	12.8514	24.6666	0.9300	0.9425	0.5794	-0.0029	713.0000	716.0183	1.0256	-2.0000	100.0555	39.7240	0.8230	0.8250	5.0000	-9999.0000	-9999.0000	-9999.0000	-9999.0000	-9999.0000	-9999.0000	20.7722	5	0	25.2839	1.0000	99	9	-9999.0000	32946	14314	-9999	2378	2376	-9999	386.3283	5	0.5432	0.5794	-0.0029	-51.4493	11.8442	620.1465	370.4617	37.9628	571.0321	95.9531	618.2935	94.9414	630.4585	94.9644	640.0584	94.9644	
30/12/2017	22:44:16	019003	G488131782MLR	L488	S		624.3018	1.0216	0.0000	99.9728	39.9993	0.8230	0.8259	4.0000	20.0829	713.3139	94.6885	12.5320	24.6666	0.9300	0.9424	0.6755	-0.0110	713.0000	712.6821	1.0256	-2.0000	100.0307	39.6926	0.8230	0.8251	5.0000	-9999.0000	-9999.0000	-9999.0000	-9999.0000	-9999.0000	-9999.0000	20.7832	6	0	25.9841	1.0000	99	9	-9999.0000	32947	14315	-9999	2379	2377	-9999	383.4676	5	0.5447	0.6755	-0.0110	-56.8672	12.3163	548.6817	300.8483	37.2959	498.0723	95.9991	546.1372	95.1024	564.5533	94.9184	579.1360	94.9414	
30/12/2017	22:44:41	019003	G488131780MLR	L488	S		622.7766	1.0216	0.0000	100.0021	39.8840	0.8230	0.8256	4.0000	20.0717	713.2861	94.7115	12.5516	24.5641	0.9300	0.9423	0.6270	-0.0069	713.0000	715.3983	1.0256	-2.0000	100.0321	39.7457	0.8230	0.8251	5.0000	-9999.0000	-9999.0000	-9999.0000	-9999.0000	-9999.0000	-9999.0000	20.8925	7	0	25.2427	1.0000	99	9	-9999.0000	32948	14316	-9999	2380	2378	-9999	385.8231	5	0.5453	0.6270	-0.0069	-57.4630	12.3518	583.9417	315.6090	38.3767	532.1145	95.8612	581.8626	94.8724	596.8788	94.8724	610.0639	94.9874	
30/12/2017	22:45:10	019003	G488131777MLR	L488	S		625.1242	1.0216	0.0000	99.9416	39.7615	0.8230	0.8257	4.0000	20.0427	713.2406	94.7115	12.6815	24.5641	0.9300	0.9422	0.6078	-0.0052	713.0000	717.3199	1.0256	-2.0000	100.0370	39.7571	0.8230	0.8250	5.0000	-9999.0000	-9999.0000	-9999.0000	-9999.0000	-9999.0000	-9999.0000	20.9530	8	0	29.0647	1.0000	99	9	-9999.0000	32948	14317	-9999	2381	2379	-9999	386.3454	5	0.5444	0.6078	-0.0052	1.1714	7.4188	599.4916	345.0198	38.0777	550.2463	95.9071	597.3269	95.1943	610.7173	94.9414	622.2123	95.0104	
30/12/2017	22:45:35	019003	G488131786MLR	L488	S		625.8040	1.0216	0.0000	99.9610	39.9300	0.8230	0.8260	4.0000	20.0726	713.1819	94.6655	12.3826	24.5641	0.9300	0.9424	0.6067	-0.0052	713.0000	717.0657	1.0256	-2.0000	100.0415	39.6846	0.8230	0.8250	5.0000	-9999.0000	-9999.0000	-9999.0000	-9999.0000	-9999.0000	-9999.0000	20.9229	1	0	25.3434	1.0000	99	9	-9999.0000	32949	14318	-9999	2382	2380	-9999	387.0782	5	0.5428	0.6067	-0.0052	6.7134	7.0058	603.0258	354.4548	37.6179	556.1829	95.8382	600.9712	95.1254	614.0742	94.9414	625.2916	94.7575	
30/12/2017	22:46:01	019003	G488131790MLR	L488	S		621.0334	1.0216	0.0000	100.0635	39.9599	0.8230	0.8259	4.0000	19.9930	713.2316	94.6885	12.6717	24.6666	0.9300	0.9425	0.6144	-0.0058	713.0000	714.3363	1.0256	-2.0000	100.0384	39.7126	0.8230	0.8251	5.0000	-9999.0000	-9999.0000	-9999.0000	-9999.0000	-9999.0000	-9999.0000	20.9736	2	0	25.5231	1.0000	99	9	-9999.0000	32950	14319	-9999	2383	2381	-9999	385.6359	5	0.5418	0.6144	-0.0058	6.0407	6.9706	591.8616	321.9062	37.2730	533.4220	96.0451	589.6846	94.9644	603.7275	94.8264	615.7916	95.0794	
30/12/2017	22:46:26	019003	G488131770MLR	L488	S		620.0800	1.0216	0.0000	99.9968	39.8438	0.8230	0.8256	4.0000	20.0721	713.1956	94.7115	12.9510	24.6666	0.9300	0.9426	0.6035	-0.0050	713.0000	713.3849	1.0256	-2.0000	100.0433	39.7058	0.8230	0.8251	5.0000	-9999.0000	-9999.0000	-9999.0000	-9999.0000	-9999.0000	-9999.0000	20.9033	3	0	25.2839	1.0000	99	9	-9999.0000	32951	14320	-9999	2384	2382	-9999	384.2611	5	0.5404	0.6035	-0.0050	11.0936	6.5632	597.9459	352.9293	40.3541	551.2294	95.7922	595.8780	95.3093	609.7378	95.0564	620.6470	94.9874	
30/12/2017	22:46:51	019003	G488131879MLR	L488	S		625.0573	1.0216	0.0000	99.9528	39.8167	0.8230	0.8258	4.0000	20.0429	713.2022	94.5275	12.6317	24.6666	0.9300	0.9426	0.6035	-0.0050	713.0000	715.3926	1.0256	-2.0000	100.0401	39.7449	0.8230	0.8251	5.0000	-9999.0000	-9999.0000	-9999.0000	-9999.0000	-9999.0000	-9999.0000	20.9531	4	0	25.2839	1.0000	99	9	-9999.0000	32952	14321	-9999	2385	2383	-9999	385.4180	5	0.5390	0.6035	-0.0050	-101.8042	15.3393	602.3958	353.4578	37.8478	554.4829	95.9761	600.3118	95.2633	613.7856	94.8954	624.4091	95.0104	
30/12/2017	22:47:17	019003	G488131761MLR	L488	S		624.6610	1.0216	0.0000	100.0153	39.9487	0.8230	0.8259	4.0000	20.0526	713.1093	94.7345	10.9918	24.6666	0.9300	0.9424	0.5403	-0.0001	713.0000	712.1546	1.0256	-2.0000	100.0320	39.7529	0.8230	0.8251	5.0000	-9999.0000	-9999.0000	-9999.0000	-9999.0000	-9999.0000	-9999.0000	20.8623	5	0	25.2839	1.0000	99	9	-9999.0000	32953	14322	-9999	2386	2384	-9999	384.5951	5	0.5390	0.5403	-0.0001	-82.4597	13.8729	659.8360	360.6345	39.5953	609.3444	95.5392	658.1029	94.7805	667.3747	94.7115	675.2473	95.0564	
30/12/2017	22:47:45	019003	G488131751MLR	L488	S		622.4505	1.0216	0.0000	100.0377	39.9295	0.8230	0.8257	4.0000	20.0633	713.0937	94.7575	11.1715	24.6666	0.9300	0.9424	0.5549	-0.0013	713.0000	714.3217	1.0256	-2.0000	100.0379	39.7242	0.8230	0.8250	5.0000	-9999.0000	-9999.0000	-9999.0000	-9999.0000	-9999.0000	-9999.0000	20.8729	6	0	28.1035	1.0000	99	9	-9999.0000	32954	14323	-9999	2387	2385	-9999	385.7653	5	0.5391	0.5549	-0.0013	28.9943	5.0374	648.7476	357.3668	37.2040	597.6392	96.0911	647.1132	95.0794	657.9298	94.8954	666.9333	94.9874	
30/12/2017	22:48:10	019003	G488131759MLR	L488	S		618.0609	1.0216	0.0000	100.3630	39.7684	0.8230	0.8257	4.0000	20.0731	713.1568	94.6655	11.8718	24.6666	0.9300	0.9424	0.5644	-0.0020	713.0000	712.3733	1.0256	-2.0000	100.0491	39.7218	0.8230	0.8251	5.0000	-9999.0000	-9999.0000	-9999.0000	-9999.0000	-9999.0000	-9999.0000	20.8329	7	0	25.3034	1.0000	99	9	-9999.0000	32955	14324	-9999	2388	2386	-9999	385.7253	5	0.5392	0.5644	-0.0020	52.7654	3.1438	634.7678	369.6529	40.1242	586.9489	95.6772	632.8540	95.0564	644.5624	94.8494	653.3504	94.8494	
30/12/2017	22:48:36	019003	G488131745MLR	L488	S		608.3124	1.0216	0.0000	100.0069	39.8461	0.8230	0.8260	4.0000	20.0329	713.1185	94.6425	11.4421	24.6666	0.9300	0.9424	0.5639	-0.0020	713.0000	707.2860	1.0256	-2.0000	100.0324	39.7477	0.8230	0.8251	5.0000	-9999.0000	-9999.0000	-9999.0000	-9999.0000	-9999.0000	-9999.0000	20.7831	8	0	26.1834	1.0000	99	9	-9999.0000	32956	14325	-9999	2389	2387	-9999	386.2592	5	0.5391	0.5639	-0.0020	46.7100	3.5944	637.5706	378.8297	39.8942	575.9727	95.7002	635.8200	95.1024	646.6257	94.8494	656.2227	94.8724	
30/12/2017	22:49:01	019003	G488131744MLR	L488	S		626.7791	1.0216	0.0000	99.9472	39.9487	0.8230	0.8258	4.0000	20.0322	713.1154	94.8264	10.8619	24.6666	0.9300	0.9424	0.5464	-0.0006	713.0000	712.1322	1.0256	-2.0000	100.0374	39.7222	0.8230	0.8250	5.0000	-9999.0000	-9999.0000	-9999.0000	-9999.0000	-9999.0000	-9999.0000	20.9119	1	0	25.3141	1.0000	99	9	-9999.0000	32957	14326	-9999	2390	2388	-9999	385.3204	5	0.5394	0.5464	-0.0006	53.7497	3.0660	658.9737	380.5645	41.0439	613.4240	95.4703	657.4781	95.1024	666.7071	94.9414	673.0695	94.9874	
30/12/2017	22:49:30	019003	G488131731MLR	L488	S		627.4900	1.0216	0.0000	99.9963	39.9088	0.8230	0.8256	4.0000	20.0633	713.1011	94.7805	10.9410	24.6666	0.9300	0.9424	0.5486	-0.0008	713.0000	712.7907	1.0256	-2.0000	100.0382	39.7465	0.8230	0.8251	5.0000	-9999.0000	-9999.0000	-9999.0000	-9999.0000	-9999.0000	-9999.0000	20.8124	2	0	28.3242	1.0000	99	9	-9999.0000	32958	14327	-9999	2391	2389	-9999	385.2599	5	0.5395	0.5486	-0.0008	69.5681	1.7963	655.9452	357.8305	39.2964	604.5405	95.7462	654.0200	95.1943	664.1456	94.8494	671.2400	95.0794	
30/12/2017	22:49:55	019003	G488131740MLR	L488	S		621.9656	1.0216	0.0000	100.0033	39.7980	0.8230	0.8256	4.0000	20.0623	713.1400	94.7805	11.1520	24.6666	0.9300	0.9423	0.5486	-0.0008	713.0000	712.7518	1.0256	-2.0000	100.0260	39.7413	0.8230	0.8250	5.0000	-9999.0000	-9999.0000	-9999.0000	-9999.0000	-9999.0000	-9999.0000	20.8935	3	0	25.2830	1.0000	99	9	-9999.0000	32959	14328	-9999	2392	2390	-9999	385.1565	5	0.5398	0.5486	-0.0008	74.2726	1.4449	654.4394	372.8666	39.6643	607.9924	95.6772	652.8883	94.9184	662.4595	94.9414	670.3543	95.0794	
30/12/2017	22:50:20	019003	G488131743MLR	L488	S		617.9455	1.0216	0.0000	99.9779	39.9113	0.8230	0.8259	4.0000	20.0331	713.0923	94.7345	11.8220	24.6666	0.9300	0.9422	0.5492	-0.0007	713.0000	707.7849	1.0256	-2.0000	100.0427	39.7433	0.8230	0.8251	5.0000	-9999.0000	-9999.0000	-9999.0000	-9999.0000	-9999.0000	-9999.0000	20.8329	4	0	25.3242	1.0000	99	9	-9999.0000	32960	14329	-9999	2393	2391	-9999	385.4665	5	0.5412	0.5492	-0.0007	86.7432	0.4895	648.2336	357.1205	40.0322	599.1894	96.1831	646.3139	95.3093	657.2939	94.9874	663.5712	94.8264	
30/12/2017	22:50:46	019003	G488131719MLR	L488	S		624.2337	1.0216	0.0000	100.6534	39.9487	0.8230	0.8259	4.0000	20.0425	713.0709	94.8264	11.3014	24.6666	0.9300	0.9422	0.5492	-0.0007	713.0000	707.3889	1.0256	-2.0000	100.0229	39.7291	0.8230	0.8251	5.0000	-9999.0000	-9999.0000	-9999.0000	-9999.0000	-9999.0000	-9999.0000	21.0027	5	0	25.2631	1.0000	99	9	-9999.0000	32961	14330	-9999	2394	2392	-9999	385.7246	5	0.5416	0.5492	-0.0007	-28.7346	10.6698	650.5242	355.4625	39.4114	603.1451	95.5392	648.7721	94.8494	658.7878	94.7345	665.5971	94.8494	
30/12/2017	22:51:11	019003	G488131747MLR	L488	S		619.1647	1.0216	0.0000	99.9818	39.8540	0.8230	0.8256	4.0000	20.0624	713.0991	94.5275	12.6121	24.6666	0.9300	0.9423	0.5492	-0.0007	713.0000	713.2463	1.0256	-2.0000	100.0295	39.7896	0.8230	0.8252	5.0000	-9999.0000	-9999.0000	-9999.0000	-9999.0000	-9999.0000	-9999.0000	20.8134	6	0	25.2633	1.0000	99	9	-9999.0000	32962	14331	-9999	2395	2393	-9999	385.0761	5	0.5417	0.5492	-0.0007	-35.0721	11.1979	644.7665	357.1406	37.8478	595.8608	95.8842	642.9725	94.9874	653.3748	94.8724	660.8916	94.9414	
30/12/2017	22:51:36	019003	G488131727MLR	L488	S		621.3872	1.0216	0.0000	99.9754	39.8461	0.8230	0.8258	4.0000	20.0937	713.1471	94.7345	12.6219	24.6666	0.9300	0.9423	0.5492	-0.0007	713.0000	712.9673	1.0256	-2.0000	100.0440	39.8106	0.8230	0.8251	5.0000	-9999.0000	-9999.0000	-9999.0000	-9999.0000	-9999.0000	-9999.0000	20.8526	7	0	25.2438	1.0000	99	9	-9999.0000	32963	14332	-9999	2396	2394	-9999	385.1081	5	0.5418	0.5492	-0.0007	-182.5956	24.5663	644.2937	347.7369	37.4339	595.2913	95.8842	642.4341	94.8954	651.6083	94.7115	659.5586	94.8264	
30/12/2017	22:52:01	019003	G488131722MLR	L488	S		622.3634	1.0216	0.0000	99.9664	39.9487	0.8230	0.8258	4.0000	20.0926	713.0995	94.7115	13.5322	24.5641	0.9300	0.9423	0.5492	-0.0007	713.0000	715.1148	1.0256	-2.0000	100.0418	39.7587	0.8230	0.8249	5.0000	-9999.0000	-9999.0000	-9999.0000	-9999.0000	-9999.0000	-9999.0000	21.2227	8	0	25.3239	1.0000	99	9	-9999.0000	32964	14333	-9999	2397	2395	-9999	384.5907	5	0.5424	0.5492	-0.0007	-182.6017	24.5669	641.1672	387.2679	38.4456	596.4964	95.7692	639.1414	95.0564	649.6090	94.8264	656.2234	94.9644	
30/12/2017	22:52:27	019003	G488131729MLR	L488	S		621.3734	1.0216	0.0000	100.0145	39.8978	0.8230	0.8257	4.0000	20.0718	713.1009	94.6195	12.5623	24.5641	0.9300	0.9422	0.5492	-0.0007	713.0000	714.3673	1.0256	-2.0000	100.0276	39.7778	0.8230	0.8251	5.0000	-9999.0000	-9999.0000	-9999.0000	-9999.0000	-9999.0000	-9999.0000	20.8222	1	0	25.3132	1.0000	99	9	-9999.0000	32965	14334	-9999	2398	2396	-9999	385.0919	5	0.5422	0.5492	-0.0007	32.2313	4.8712	646.7509	380.8449	38.9515	601.8284	95.7002	644.9718	95.1713	654.6783	94.8954	662.6800	95.0334	
30/12/2017	22:53:17	019003	G488131876MLR	L488	S		621.2325	1.0216	0.0000	99.9955	39.8893	0.8230	0.8259	4.0000	20.0321	713.1111	94.6655	13.0624	24.6666	0.9300	0.9423	0.5646	-0.0019	713.0000	713.9600	1.0256	-2.0000	100.0452	39.7713	0.8230	0.8248	5.0000	-9999.0000	-9999.0000	-9999.0000	-9999.0000	-9999.0000	-9999.0000	20.8730	3	0	25.2234	1.0000	99	9	-9999.0000	32967	14335	-9999	2400	2397	-9999	384.9778	5	0.5419	0.5646	-0.0019	47.6715	3.5661	627.1785	303.7533	36.1463	577.3546	95.9531	625.8977	94.4815	636.5113	94.7115	646.2753	94.9644	
30/12/2017	22:53:43	019003	G488131895MLR	L488	S		626.1570	1.0216	0.0000	99.9880	39.9425	0.8230	0.8258	4.0000	20.0528	713.1794	94.6195	12.1922	24.5641	0.9300	0.9423	0.5870	-0.0037	713.0000	713.8894	1.0256	-2.0000	100.0244	39.4661	0.8230	0.8248	5.0000	-9999.0000	-9999.0000	-9999.0000	-9999.0000	-9999.0000	-9999.0000	21.2129	4	0	25.4733	1.0000	99	9	-9999.0000	32968	14336	-9999	2401	2398	-9999	386.7425	5	0.5414	0.5870	-0.0037	40.7003	4.0140	617.1150	360.3977	39.4574	569.0160	95.6542	615.3900	94.8034	628.0374	94.9414	639.0989	95.0104	
30/12/2017	22:54:08	019003	G488131896MLR	L488	S		624.5908	1.0216	0.0000	99.9543	39.8776	0.8230	0.8257	4.0000	20.0722	713.1206	94.6425	12.6619	24.5641	0.9300	0.9424	0.5831	-0.0034	713.0000	714.9545	1.0256	-2.0000	100.0352	39.8445	0.8230	0.8257	5.0000	-9999.0000	-9999.0000	-9999.0000	-9999.0000	-9999.0000	-9999.0000	20.9130	5	0	25.2341	1.0000	99	9	-9999.0000	32969	14337	-9999	2402	2399	-9999	385.1214	5	0.5403	0.5831	-0.0034	34.1772	4.5417	616.4593	336.2163	37.9628	567.9307	95.9991	614.6130	94.9414	627.6704	95.0104	637.7001	95.0104	
30/12/2017	22:54:38	019003	G488131897MLR	L488	S		628.9464	1.0216	0.0000	99.9611	39.8523	0.8230	0.8257	4.0000	20.0633	713.1925	94.8724	10.9410	24.6666	0.9300	0.9424	0.5831	-0.0034	713.0000	715.4285	1.0256	-2.0000	100.0278	40.0192	0.8230	0.8251	5.0000	-9999.0000	-9999.0000	-9999.0000	-9999.0000	-9999.0000	-9999.0000	21.1221	6	0	29.9935	1.0000	99	9	-9999.0000	32970	14338	-9999	2403	2400	-9999	389.3790	5	0.5403	0.5831	-0.0034	34.1772	4.5417	630.4334	343.3769	38.7446	579.6370	95.7462	628.4129	95.0564	641.6064	94.8494	651.1894	94.8034	
30/12/2017	22:55:03	019003	G488131871MLR	L488	S		623.5462	1.0216	0.0000	100.7499	39.9290	0.8230	0.8260	4.0000	20.0527	713.1280	94.5965	12.9716	24.6666	0.9300	0.9425	0.5647	-0.0020	713.0000	713.5091	1.0256	-2.0000	100.0310	39.6176	0.8230	0.8245	5.0000	-9999.0000	-9999.0000	-9999.0000	-9999.0000	-9999.0000	-9999.0000	20.8633	7	0	25.2644	1.0000	99	9	-9999.0000	32971	14339	-9999	2404	2401	-9999	384.5589	5	0.5392	0.5647	-0.0020	96.1507	-0.2549	630.8786	352.9786	39.5493	581.3065	95.9301	628.9099	95.4013	640.1442	94.9184	647.4116	94.9414	
30/12/2017	22:55:30	019003	G488131868MLR	L488	S		623.9831	1.0216	0.0000	100.0326	39.9205	0.8230	0.8257	4.0000	20.0624	713.1462	94.7115	12.3221	24.6666	0.9300	0.9425	0.5764	-0.0029	713.0000	714.5455	1.0256	-2.0000	100.0478	39.6190	0.8230	0.8252	5.0000	-9999.0000	-9999.0000	-9999.0000	-9999.0000	-9999.0000	-9999.0000	20.8026	8	0	27.0137	1.0000	99	9	-9999.0000	32972	14340	-9999	2405	2402	-9999	386.0709	5	0.5396	0.5764	-0.0029	53.9894	2.9383	624.1837	340.9015	39.2274	577.2081	95.8152	622.3759	94.8954	634.8395	94.7575	643.8955	94.8954	
30/12/2017	22:55:55	019003	G488131887MLR	L488	S		624.0325	1.0216	0.0000	100.0029	39.8766	0.8230	0.8257	4.0000	20.0536	713.0954	94.6425	12.9120	24.6666	0.9300	0.9424	0.5690	-0.0023	713.0000	713.8150	1.0256	-2.0000	100.0270	39.8463	0.8230	0.8253	5.0000	-9999.0000	-9999.0000	-9999.0000	-9999.0000	-9999.0000	-9999.0000	20.8730	1	0	25.2729	1.0000	99	9	-9999.0000	32973	14341	-9999	2406	2403	-9999	384.4730	5	0.5393	0.5690	-0.0023	50.0139	3.2223	627.6126	346.9085	37.8018	578.6393	96.0911	625.8012	95.1024	636.4490	94.8494	645.2546	95.1254	
30/12/2017	22:56:26	019003	G488133166MLR	L488	S		547.8815	1.0216	0.0000	100.7678	39.8461	0.8230	0.8262	4.0000	19.9929	0.0000	0.0000	0.0000	0.0000	0.9300	0.0000	0.0000	0.0000	0.0000	547.6494	1.0256	-0.4903	100.0401	39.7058	0.8230	0.8255	5.0000	-9999.0000	-9999.0000	-9999.0000	-9999.0000	-9999.0000	-9999.0000	21.3725	2	7	30.9244	1.0000	99	9	-9999.0000	32974	0	-9999	2407	2404	-9999	0.0000	0	0.0000	0.0000	0.0000	0.0000	0.0000	0.0000	0.0000	0.0000	0.0000	0.0000	0.0000	0.0000	0.0000	0.0000	0.0000	0.0000	
30/12/2017	22:56:52	019003	G488133133MLR	L488	S		623.8511	1.0216	0.0000	99.9768	39.9182	0.8230	0.8258	4.0000	20.0624	713.1109	94.7115	11.5417	24.7692	0.9300	0.9424	0.5731	-0.0026	713.0000	708.3406	1.0256	-2.0000	100.0330	39.6357	0.8230	0.8250	5.0000	-9999.0000	-9999.0000	-9999.0000	-9999.0000	-9999.0000	-9999.0000	20.9228	3	0	25.3239	1.0000	99	9	-9999.0000	32975	14342	-9999	2408	2405	-9999	387.1345	5	0.5405	0.5731	-0.0026	59.0588	2.4561	628.4470	298.9645	35.7324	580.4665	96.1831	626.6073	94.8264	640.5679	94.9184	649.9877	95.0104	
30/12/2017	22:57:20	019003	G488131875MLR	L488	S		624.6055	1.0216	0.0000	99.9496	39.9165	0.8230	0.8257	4.0000	20.0527	713.1774	94.7345	12.3817	24.6666	0.9300	0.9424	0.5752	-0.0028	713.0000	714.5100	1.0256	-2.0000	100.0393	39.7623	0.8230	0.8252	5.0000	-9999.0000	-9999.0000	-9999.0000	-9999.0000	-9999.0000	-9999.0000	20.9727	4	0	28.5744	1.0000	99	9	-9999.0000	32976	14343	-9999	2409	2406	-9999	385.4321	5	0.5408	0.5752	-0.0028	65.1331	1.9534	625.2143	349.6974	37.3189	575.6848	96.0911	623.5492	95.0794	635.1577	94.9644	644.3821	94.9874	
30/12/2017	22:57:46	019003	G488133174MLR	L488	S		631.0607	1.0216	0.0000	100.3575	39.8456	0.8230	0.8257	4.0000	20.1033	713.1125	94.8724	11.1022	24.6666	0.9300	0.9422	0.5750	-0.0028	713.0000	716.3429	1.0256	-2.0000	100.0352	39.7425	0.8230	0.8250	5.0000	-9999.0000	-9999.0000	-9999.0000	-9999.0000	-9999.0000	-9999.0000	20.9522	5	0	25.2633	1.0000	99	9	-9999.0000	32977	14344	-9999	2410	2407	-9999	387.8348	5	0.5401	0.5750	-0.0028	67.8847	1.7423	635.3100	333.5921	38.3996	584.3685	95.7922	633.1657	95.2173	646.4991	94.8954	655.3923	94.9874	
30/12/2017	22:58:12	019003	G488133123MLR	L488	S		623.1779	1.0216	0.0000	100.0166	39.8796	0.8230	0.8258	4.0000	20.0829	713.1314	94.6655	12.0720	24.5641	0.9300	0.9422	0.5750	-0.0028	713.0000	714.4878	1.0256	-2.0000	100.0373	39.6810	0.8230	0.8250	5.0000	-9999.0000	-9999.0000	-9999.0000	-9999.0000	-9999.0000	-9999.0000	20.8535	6	0	25.9637	1.0000	99	9	-9999.0000	32978	14345	-9999	2411	2408	-9999	385.8900	5	0.5401	0.5750	-0.0028	67.8847	1.7423	627.1931	342.2614	39.1584	578.3912	95.7922	625.3436	95.1254	637.9527	94.9874	648.7367	95.0104	
30/12/2017	22:58:37	019003	G488133113MLR	L488	S		617.9343	1.0216	0.0000	100.0105	39.9456	0.8230	0.8258	4.0000	20.0623	713.0778	94.6885	11.9714	24.6666	0.9300	0.9422	0.5741	-0.0027	713.0000	712.1770	1.0256	-2.0000	100.0395	39.7018	0.8230	0.8251	5.0000	-9999.0000	-9999.0000	-9999.0000	-9999.0000	-9999.0000	-9999.0000	20.8926	7	0	25.2536	1.0000	99	9	-9999.0000	32978	14346	-9999	2412	2409	-9999	386.1176	5	0.5416	0.5741	-0.0027	60.2972	2.3077	625.6383	325.7401	38.9745	574.7497	95.7462	623.5614	94.9184	637.0497	94.8264	646.1257	94.9184	
30/12/2017	22:59:02	019003	G488133177MLR	L488	S		626.6045	1.0216	0.0000	100.0024	39.8950	0.8230	0.8257	4.0000	20.0927	713.1997	94.6655	12.1316	24.6666	0.9300	0.9424	0.6046	-0.0051	713.0000	716.0956	1.0256	-2.0000	100.0244	39.7613	0.8230	0.8251	5.0000	-9999.0000	-9999.0000	-9999.0000	-9999.0000	-9999.0000	-9999.0000	20.9630	8	0	25.5339	1.0000	99	9	-9999.0000	32979	14347	-9999	2413	2410	-9999	386.8320	5	0.5406	0.6046	-0.0051	47.3121	3.3523	603.7904	327.7383	37.6409	554.0221	95.8842	601.7057	94.9644	616.0152	94.7115	626.7077	94.9184	
30/12/2017	22:59:28	019003	G488133170MLR	L488	S		626.5636	1.0216	0.0000	100.0069	39.8077	0.8230	0.8258	4.0000	20.0722	713.0843	94.8494	11.5221	24.7692	0.9300	0.9424	0.5585	-0.0015	713.0000	712.9358	1.0256	-2.0000	100.0476	39.7050	0.8230	0.8250	5.0000	-9999.0000	-9999.0000	-9999.0000	-9999.0000	-9999.0000	-9999.0000	20.9326	1	0	25.2732	1.0000	99	9	-9999.0000	32980	14348	-9999	2414	2411	-9999	385.6780	5	0.5411	0.5585	-0.0015	47.0709	3.4017	642.4832	343.7103	38.4226	593.3476	95.8152	640.5143	95.0104	651.5225	94.9184	659.7974	94.9644	
30/12/2017	22:59:53	019003	G488133188MLR	L488	S		630.2891	1.0216	0.0000	100.0278	39.9405	0.8230	0.8259	4.0000	20.0829	713.1433	94.9644	10.0512	24.6666	0.9300	0.9425	0.5585	-0.0015	713.0000	711.7365	1.0256	-2.0000	100.0181	39.6898	0.8230	0.8250	5.0000	-9999.0000	-9999.0000	-9999.0000	-9999.0000	-9999.0000	-9999.0000	21.2833	2	0	25.4744	1.0000	99	9	-9999.0000	32981	14349	-9999	2415	2412	-9999	387.3548	5	0.5411	0.5585	-0.0015	49.0751	3.2573	652.0903	346.6483	37.7788	599.8272	95.9071	650.3829	95.0794	661.6638	94.8494	669.8577	94.9184	
30/12/2017	23:00:18	019003	G488133150MLR	L488	S		627.7463	1.0216	0.0000	99.9495	39.9487	0.8230	0.8258	4.0000	20.0417	713.1178	94.8494	10.9215	24.7692	0.9300	0.9424	0.5763	-0.0029	713.0000	714.3259	1.0256	-2.0000	100.0288	39.7273	0.8230	0.8250	5.0000	-9999.0000	-9999.0000	-9999.0000	-9999.0000	-9999.0000	-9999.0000	21.2032	3	0	25.2426	1.0000	99	9	-9999.0000	32981	14350	-9999	2416	2413	-9999	388.3403	5	0.5418	0.5763	-0.0029	20.9031	5.7722	635.2280	355.7358	37.3189	586.9741	95.9301	633.4509	95.0564	644.6595	94.8494	654.6611	94.7805	
30/12/2017	23:00:43	019003	G488133140MLR	L488	S		629.9737	1.0216	0.0000	99.9439	39.8615	0.8230	0.8257	4.0000	20.0818	713.1354	95.1484	9.8315	24.6666	0.9300	0.9424	0.5574	-0.0014	713.0000	711.3470	1.0256	-2.0000	100.0366	39.7527	0.8230	0.8251	5.0000	-9999.0000	-9999.0000	-9999.0000	-9999.0000	-9999.0000	-9999.0000	20.9131	4	0	25.2644	1.0000	99	9	-9999.0000	32982	14351	-9999	2417	2414	-9999	387.5136	5	0.5407	0.5574	-0.0014	40.3583	4.1619	654.5526	351.1105	39.4344	606.1644	95.6312	652.7622	94.9414	663.6140	94.7805	672.5375	94.8724	
30/12/2017	23:01:09	019003	G488133181MLR	L488	S		628.6324	1.0216	0.0000	99.9903	39.8451	0.8230	0.8258	4.0000	20.0926	713.0902	94.6655	10.6910	24.6666	0.9300	0.9423	0.5557	-0.0013	713.0000	713.5904	1.0256	-2.0000	100.0303	39.7297	0.8230	0.8250	5.0000	-9999.0000	-9999.0000	-9999.0000	-9999.0000	-9999.0000	-9999.0000	20.9825	5	0	25.3130	1.0000	99	9	-9999.0000	32983	14352	-9999	2418	2415	-9999	386.5291	5	0.5410	0.5557	-0.0013	12.4714	6.5258	650.7711	347.3491	39.0205	597.7808	95.8152	649.1127	95.1943	660.2119	94.9414	668.3328	94.9414	
30/12/2017	23:01:38	019003	G488133184MLR	L488	S		630.5262	1.0216	0.0000	100.0225	39.9461	0.8230	0.8259	4.0000	20.0830	713.1362	94.8034	9.7114	24.6666	0.9300	0.9424	0.5643	-0.0020	713.0000	712.9233	1.0256	-2.0000	100.0286	39.7255	0.8230	0.8250	5.0000	-9999.0000	-9999.0000	-9999.0000	-9999.0000	-9999.0000	-9999.0000	21.0732	6	0	29.0540	1.0000	99	9	-9999.0000	32984	14353	-9999	2419	2416	-9999	388.6333	5	0.5415	0.5643	-0.0020	31.3505	4.9504	651.2184	365.4733	40.1932	602.5484	95.5163	649.3132	94.8954	663.6435	94.8724	673.0812	95.0334	
30/12/2017	23:02:03	019003	G488133127MLR	L488	S		623.3618	1.0216	0.0000	100.0001	39.9346	0.8230	0.8257	4.0000	20.0526	713.0978	94.7345	11.6911	24.7692	0.9300	0.9425	0.5623	-0.0018	713.0000	711.1630	1.0256	-2.0000	100.0248	39.7489	0.8230	0.8251	5.0000	-9999.0000	-9999.0000	-9999.0000	-9999.0000	-9999.0000	-9999.0000	20.9337	7	0	25.5037	1.0000	99	9	-9999.0000	32985	14354	-9999	2419	2417	-9999	386.2671	5	0.5423	0.5623	-0.0018	34.4709	4.6882	638.4646	343.8815	36.7901	589.8074	96.1141	636.6556	95.1484	647.8839	94.8954	656.4917	95.0564	
30/12/2017	23:02:31	019003	G488133147MLR	L488	S		627.2859	1.0216	0.0000	100.0047	39.8461	0.8230	0.8257	4.0000	20.0623	713.1343	94.9414	10.0923	24.7692	0.9300	0.9425	0.5648	-0.0020	713.0000	711.2187	1.0256	-2.0000	100.0430	39.7577	0.8230	0.8250	5.0000	-9999.0000	-9999.0000	-9999.0000	-9999.0000	-9999.0000	-9999.0000	21.0029	8	0	28.0839	1.0000	99	9	-9999.0000	32986	14355	-9999	2420	2418	-9999	388.1545	5	0.5428	0.5648	-0.0020	46.5594	3.5314	649.0727	347.8488	39.5034	596.6155	95.7692	647.2888	95.3093	659.1453	94.9874	668.2077	95.0104	
30/12/2017	23:02:57	019003	G488133110MLR	L488	S		615.2714	1.0216	0.0000	100.0566	39.8530	0.8230	0.8258	4.0000	20.0721	713.0978	94.7115	12.8524	24.7692	0.9300	0.9425	0.5667	-0.0022	713.0000	711.4379	1.0256	-2.0000	100.0257	39.6886	0.8230	0.8250	5.0000	-9999.0000	-9999.0000	-9999.0000	-9999.0000	-9999.0000	-9999.0000	20.9627	1	0	25.2936	1.0000	99	9	-9999.0000	32987	14356	-9999	2421	2419	-9999	383.7110	5	0.5430	0.5667	-0.0022	46.4554	3.5552	627.4768	362.8866	38.7905	582.1046	95.8612	625.5498	95.2403	637.1654	94.8724	645.2890	94.9644	
30/12/2017	23:03:27	019003	G488133118MLR	L488	S		624.0947	1.0216	0.0000	100.0632	39.9487	0.8230	0.8258	4.0000	20.0624	713.1449	94.6885	12.0115	24.6666	0.9300	0.9424	0.5702	-0.0026	713.0000	712.0344	1.0256	-2.0000	100.0369	39.7499	0.8230	0.8251	5.0000	-9999.0000	-9999.0000	-9999.0000	-9999.0000	-9999.0000	-9999.0000	21.0625	2	0	30.5143	1.0000	99	9	-9999.0000	32988	14357	-9999	2422	2420	-9999	384.5803	5	0.5439	0.5702	-0.0026	42.2722	4.0108	630.3603	343.3348	37.4109	580.5691	96.0911	628.5687	95.2403	640.8600	94.9644	649.4080	94.8494	
30/12/2017	23:03:53	019003	G488133139MLR	L488	S		620.2537	1.0216	0.0000	100.0406	39.9177	0.8230	0.8258	4.0000	20.0527	713.0981	94.7115	14.4415	24.7692	0.9300	0.9423	0.5544	-0.0010	713.0000	720.5352	1.0256	-2.0000	100.0283	39.7250	0.8230	0.8248	5.0000	-9999.0000	-9999.0000	-9999.0000	-9999.0000	-9999.0000	-9999.0000	22.3221	3	2	25.2838	1.0000	99	9	-9999.0000	32989	14358	-9999	2423	2421	-9999	385.4111	5	0.5437	0.5544	-0.0010	50.9200	3.1898	626.3834	365.8939	39.1355	575.0228	95.8382	624.5865	95.1024	636.3209	94.8724	643.9695	95.1024	
30/12/2017	23:04:18	019003	G488132337MLR	L488	S		615.3912	1.0216	0.0000	100.0113	39.8461	0.8230	0.8257	4.0000	20.0626	713.1198	94.7345	12.3318	24.6666	0.9300	0.9423	0.5580	-0.0013	713.0000	709.9092	1.0256	-2.0000	100.0263	39.7535	0.8230	0.8250	5.0000	-9999.0000	-9999.0000	-9999.0000	-9999.0000	-9999.0000	-9999.0000	20.8730	4	0	25.4440	1.0000	99	9	-9999.0000	32990	14359	-9999	2424	2422	-9999	386.2621	5	0.5441	0.5580	-0.0013	56.9779	2.6342	639.0284	359.6277	36.8131	589.6451	96.0451	637.3085	95.0794	647.7527	94.8494	654.9822	94.9644	
30/12/2017	23:04:43	019003	G488131799MLR	L488	S		621.0789	1.0216	0.0000	99.8972	39.8725	0.8230	0.8258	4.0000	20.0623	713.0887	94.8264	10.7916	24.7692	0.9300	0.9423	0.5625	-0.0018	713.0000	711.8492	1.0256	-2.0000	100.0219	39.6890	0.8230	0.8249	5.0000	-9999.0000	-9999.0000	-9999.0000	-9999.0000	-9999.0000	-9999.0000	21.5528	5	0	25.2733	1.0000	99	9	-9999.0000	32991	14360	-9999	2425	2423	-9999	387.5507	5	0.5430	0.5625	-0.0018	41.8507	4.1062	646.1564	358.9082	40.0782	598.5533	95.5852	644.5924	95.0104	654.6557	94.8034	663.0569	94.8264	
30/12/2017	23:05:09	019003	G488131785MLR	L488	S		619.5904	1.0216	0.0000	100.0212	39.9487	0.8230	0.8258	4.0000	20.0722	713.1269	94.9644	11.3210	24.6666	0.9300	0.9423	0.5657	-0.0020	713.0000	711.5648	1.0256	-2.0000	100.0308	39.7617	0.8230	0.8251	5.0000	-9999.0000	-9999.0000	-9999.0000	-9999.0000	-9999.0000	-9999.0000	20.9132	6	0	25.4235	1.0000	99	9	-9999.0000	32992	14361	-9999	2426	2424	-9999	387.0333	5	0.5427	0.5657	-0.0020	46.3008	3.6646	639.9476	335.8361	37.5949	591.0222	95.8612	638.0516	94.7805	649.2901	94.8034	659.2553	95.0794	
30/12/2017	23:05:34	019003	G488131789MLR	L488	S		625.8872	1.0216	0.0000	99.9954	39.8901	0.8230	0.8256	4.0000	20.0718	713.1695	94.8494	11.3717	24.7692	0.9300	0.9423	0.5713	-0.0025	713.0000	712.2497	1.0256	-2.0000	99.9998	39.7559	0.8230	0.8248	5.0000	-9999.0000	-9999.0000	-9999.0000	-9999.0000	-9999.0000	-9999.0000	22.3224	7	0	25.2536	1.0000	99	9	-9999.0000	32993	14362	-9999	2427	2425	-9999	387.1840	5	0.5408	0.5713	-0.0025	41.7571	4.0474	634.2460	332.5621	39.6413	585.4180	95.6772	632.3851	94.9184	643.9359	94.8724	654.1992	94.8954	
30/12/2017	23:06:00	019003	G488131773MLR	L488	S		624.6027	1.0216	0.0000	100.0334	39.8789	0.8230	0.8258	4.0000	20.0721	713.1768	94.7805	11.7009	24.7692	0.9300	0.9425	0.5703	-0.0024	713.0000	711.6418	1.0256	-2.0000	100.0798	39.7305	0.8230	0.8250	5.0000	-9999.0000	-9999.0000	-9999.0000	-9999.0000	-9999.0000	-9999.0000	20.8924	8	0	26.3036	1.0000	99	9	-9999.0000	32994	14363	-9999	2428	2426	-9999	386.4078	5	0.5410	0.5703	-0.0024	43.9082	3.9545	632.1384	340.2498	39.1125	584.0082	95.7232	630.4539	94.9874	642.6981	94.8954	651.9591	94.9874	
30/12/2017	23:06:26	019003	G488131779MLR	L488	S		624.3386	1.0216	0.0000	100.0111	39.8947	0.8230	0.8258	4.0000	20.0819	713.0854	94.8034	11.4215	24.7692	0.9300	0.9425	0.5714	-0.0025	713.0000	712.3413	1.0256	-2.0000	100.0381	39.7527	0.8230	0.8251	5.0000	-9999.0000	-9999.0000	-9999.0000	-9999.0000	-9999.0000	-9999.0000	20.8924	1	0	25.2937	1.0000	99	9	-9999.0000	32995	14364	-9999	2429	2427	-9999	386.9101	5	0.5408	0.5714	-0.0025	62.6438	2.6070	633.6678	360.5815	38.7446	586.6593	95.7462	631.8861	95.0564	643.7261	94.8724	652.9678	94.8954	
30/12/2017	23:06:51	019003	G488131778MLR	L488	S		626.7676	1.0216	0.0000	99.9926	39.9395	0.8230	0.8257	4.0000	20.0927	713.1815	94.8034	11.0914	24.7692	0.9300	0.9424	0.5731	-0.0026	713.0000	713.1791	1.0256	-2.0000	100.0308	39.7928	0.8230	0.8250	5.0000	-9999.0000	-9999.0000	-9999.0000	-9999.0000	-9999.0000	-9999.0000	21.0429	2	0	25.3043	1.0000	99	9	-9999.0000	32996	14365	-9999	2429	2428	-9999	388.1580	5	0.5417	0.5731	-0.0026	62.3888	2.6180	636.0225	343.8117	36.9510	584.7340	96.0221	634.0271	94.8954	646.1688	94.7345	655.7597	94.9414	
30/12/2017	23:07:16	019003	G488131769MLR	L488	S		620.5535	1.0216	0.0000	100.8000	39.9190	0.8230	0.8259	4.0000	20.0925	713.1045	94.7345	12.3025	24.7692	0.9300	0.9424	0.5577	-0.0012	713.0000	712.9759	1.0256	-2.0000	100.0357	39.7571	0.8230	0.8249	5.0000	-9999.0000	-9999.0000	-9999.0000	-9999.0000	-9999.0000	-9999.0000	20.8731	3	0	25.3232	1.0000	99	9	-9999.0000	32997	14366	-9999	2430	2428	-9999	386.9999	5	0.5425	0.5577	-0.0012	62.3915	2.6177	640.6741	347.0809	38.1927	592.4413	95.8612	638.9708	95.0334	649.9988	94.9644	658.0785	95.0334	
30/12/2017	23:07:41	019003	G488131880MLR	L488	S		620.7956	1.0216	0.0000	99.9089	39.8957	0.8230	0.8257	4.0000	20.0731	713.1181	94.6885	13.1816	24.6666	0.9300	0.9423	0.5475	-0.0003	713.0000	715.9102	1.0256	-2.0000	100.0316	39.7337	0.8230	0.8249	5.0000	-9999.0000	-9999.0000	-9999.0000	-9999.0000	-9999.0000	-9999.0000	21.4932	4	0	25.2837	1.0000	99	9	-9999.0000	32998	14367	-9999	2431	2429	-9999	387.4806	5	0.5438	0.5475	-0.0003	68.6903	1.8602	645.5790	372.8710	38.8825	599.2691	95.8612	644.1508	94.8494	653.2014	94.7345	659.8673	94.8264	
30/12/2017	23:08:07	019003	G488131881MLR	L488	S		625.7613	1.0216	0.0000	100.0302	39.9405	0.8230	0.8258	4.0000	20.0924	713.1152	94.6655	12.0115	24.6666	0.9300	0.9423	0.5620	-0.0016	713.0000	713.6770	1.0256	-2.0000	100.0295	39.7926	0.8230	0.8251	5.0000	-9999.0000	-9999.0000	-9999.0000	-9999.0000	-9999.0000	-9999.0000	20.9327	5	0	25.2730	1.0000	99	9	-9999.0000	32999	14368	-9999	2432	2430	-9999	386.9432	5	0.5436	0.5620	-0.0016	135.5565	-4.1534	638.5272	349.8592	39.1125	586.4231	95.7232	636.5029	94.9644	647.9047	94.8034	656.2450	94.9414	
30/12/2017	23:08:32	019003	G488131734MLR	L488	S		624.8194	1.0216	0.0000	100.0262	39.9395	0.8230	0.8257	4.0000	20.0731	713.1760	94.7575	11.5515	24.6666	0.9300	0.9423	0.5688	-0.0022	713.0000	711.9497	1.0256	-2.0000	100.0367	39.7699	0.8230	0.8249	5.0000	-9999.0000	-9999.0000	-9999.0000	-9999.0000	-9999.0000	-9999.0000	21.2335	6	0	25.4743	1.0000	99	9	-9999.0000	33000	14369	-9999	2433	2431	-9999	387.5003	5	0.5436	0.5688	-0.0022	73.2429	1.1943	636.7078	366.0825	37.5949	590.1557	96.0221	634.7589	94.9874	645.1437	94.8724	653.7217	94.9644	
30/12/2017	23:08:57	019003	G488131732MLR	L488	S		621.4811	1.0216	0.0000	99.9307	39.8934	0.8230	0.8257	4.0000	20.1026	713.1193	94.6885	11.7419	24.6666	0.9300	0.9423	0.5559	-0.0011	713.0000	708.9626	1.0256	-2.0000	100.0391	39.7343	0.8230	0.8250	5.0000	-9999.0000	-9999.0000	-9999.0000	-9999.0000	-9999.0000	-9999.0000	20.9727	7	0	25.2332	1.0000	99	9	-9999.0000	33001	14370	-9999	2434	2432	-9999	387.4201	5	0.5434	0.5559	-0.0011	30.8142	4.9457	644.1249	351.3871	37.6409	598.4025	95.9761	642.2875	95.1943	653.1347	94.8494	660.5850	94.8954	
30/12/2017	23:09:25	019003	G488131730MLR	L488	S		620.9631	1.0216	0.0000	99.9022	39.9131	0.8230	0.8258	4.0000	20.1131	713.1525	94.9184	12.2322	24.6666	0.9300	0.9423	0.5579	-0.0013	713.0000	713.1161	1.0256	-2.0000	100.0517	39.7727	0.8230	0.8251	5.0000	-9999.0000	-9999.0000	-9999.0000	-9999.0000	-9999.0000	-9999.0000	20.9130	8	0	28.0537	1.0000	99	9	-9999.0000	33002	14371	-9999	2435	2433	-9999	386.9813	5	0.5429	0.5579	-0.0013	37.8165	4.3630	640.6501	351.9921	38.1927	590.3501	96.0221	638.8202	95.3553	650.0952	94.9644	656.8275	94.8494	
30/12/2017	23:09:51	019003	G488131739MLR	L488	S		623.9431	1.0216	0.0000	100.0411	39.9487	0.8230	0.8258	4.0000	20.1023	713.0700	94.7345	11.6023	24.6666	0.9300	0.9424	0.5581	-0.0013	713.0000	713.2232	1.0256	-2.0000	100.0373	39.8018	0.8230	0.8250	5.0000	-9999.0000	-9999.0000	-9999.0000	-9999.0000	-9999.0000	-9999.0000	20.8925	1	0	25.2840	1.0000	99	9	-9999.0000	33003	14372	-9999	2436	2434	-9999	387.4221	5	0.5428	0.5581	-0.0013	39.4936	4.2496	644.1352	347.6126	37.3649	595.1893	95.9071	642.1115	95.1024	653.7467	94.8034	661.1471	94.8264	
30/12/2017	23:10:16	019003	G488131750MLR	L488	S		620.4956	1.0216	0.0000	100.0126	39.9374	0.8230	0.8257	4.0000	20.0732	713.1537	94.7115	11.9314	24.7692	0.9300	0.9424	0.5612	-0.0015	713.0000	714.3896	1.0256	-2.0000	100.0424	39.7533	0.8230	0.8250	5.0000	-9999.0000	-9999.0000	-9999.0000	-9999.0000	-9999.0000	-9999.0000	20.8826	2	0	25.6139	1.0000	99	9	-9999.0000	33004	14373	-9999	2437	2435	-9999	387.4397	5	0.5430	0.5612	-0.0015	35.6322	4.5061	641.1319	352.5967	36.7671	590.1934	96.0681	639.0696	95.0334	651.4307	94.8954	658.1844	94.9414	
30/12/2017	23:10:42	019003	G488131737MLR	L488	S		622.0004	1.0216	0.0000	100.0173	39.8932	0.8230	0.8257	4.0000	20.0330	713.0994	94.5735	12.1717	24.7692	0.9300	0.9424	0.5658	-0.0019	713.0000	713.2709	1.0256	-2.0000	100.0362	39.7421	0.8230	0.8250	5.0000	-9999.0000	-9999.0000	-9999.0000	-9999.0000	-9999.0000	-9999.0000	21.0724	3	0	25.2937	1.0000	99	9	-9999.0000	33004	14374	-9999	2438	2436	-9999	387.3550	5	0.5434	0.5658	-0.0019	25.7140	5.2868	634.2039	340.6433	37.0200	583.5950	95.9991	632.1263	95.0794	644.2891	94.8034	652.2565	94.8494	
30/12/2017	23:11:10	019003	G488131736MLR	L488	S		623.3558	1.0216	0.0000	100.0294	39.9236	0.8230	0.8258	4.0000	20.0926	713.1739	94.5965	12.0418	24.7692	0.9300	0.9424	0.5710	-0.0023	713.0000	712.9993	1.0256	-2.0000	100.0454	39.8234	0.8230	0.8251	5.0000	-9999.0000	-9999.0000	-9999.0000	-9999.0000	-9999.0000	-9999.0000	20.8027	4	0	28.0734	1.0000	99	9	-9999.0000	33005	14375	-9999	2439	2436	-9999	387.6787	5	0.5433	0.5710	-0.0023	26.5068	5.2219	633.1404	349.3107	37.4339	583.3111	95.8842	631.3453	94.8264	641.5080	94.7345	650.2233	94.9184	
30/12/2017	23:11:35	019003	G488131738MLR	L488	S		624.4731	1.0216	0.0000	100.0179	39.9487	0.8230	0.8258	4.0000	20.1112	713.0916	94.6195	11.8620	24.7692	0.9300	0.9424	0.5758	-0.0027	713.0000	713.4165	1.0256	-2.0000	100.0349	39.8050	0.8230	0.8250	5.0000	-9999.0000	-9999.0000	-9999.0000	-9999.0000	-9999.0000	-9999.0000	20.9033	5	0	25.2534	1.0000	99	9	-9999.0000	33006	14376	-9999	2440	2437	-9999	387.6274	5	0.5437	0.5758	-0.0027	29.9576	4.9752	629.4389	361.1560	37.5259	581.8477	95.9531	627.2400	94.9184	639.3600	94.8494	648.8491	95.0794	
30/12/2017	23:12:01	019003	G488131721MLR	L488	S		622.3994	1.0216	0.0000	100.0243	39.9482	0.8230	0.8257	4.0000	20.1023	713.1483	94.7115	12.2215	24.7692	0.9300	0.9424	0.5735	-0.0025	713.0000	714.0367	1.0256	-2.0000	100.0140	39.7250	0.8230	0.8247	5.0000	-9999.0000	-9999.0000	-9999.0000	-9999.0000	-9999.0000	-9999.0000	22.1634	6	0	26.2138	1.0000	99	9	-9999.0000	33007	14377	-9999	2441	2438	-9999	387.0188	5	0.5437	0.5735	-0.0025	5.9718	7.0815	627.8751	345.2392	38.1467	579.4712	95.9761	626.0621	95.0794	637.7219	94.8724	646.9695	94.8724	
30/12/2017	23:12:26	019003	G488131735MLR	L488	S		624.2682	1.0216	0.0000	100.0104	39.8707	0.8230	0.8257	4.0000	20.0624	713.1426	94.7575	11.2516	24.6666	0.9300	0.9423	0.5700	-0.0022	713.0000	716.4281	1.0256	-2.0000	100.0315	39.7481	0.8230	0.8250	5.0000	-9999.0000	-9999.0000	-9999.0000	-9999.0000	-9999.0000	-9999.0000	21.2776	7	0	25.3142	1.0000	99	9	-9999.0000	33008	14378	-9999	2442	2438	-9999	388.6894	5	0.5435	0.5700	-0.0022	27.3300	5.2821	638.4751	344.6959	36.4222	588.2892	95.9531	636.5746	94.9874	648.5637	94.8724	657.5267	95.0104	
30/12/2017	23:12:55	019003	G488131718MLR	L488	S		619.8229	1.0216	0.0000	100.0049	39.9310	0.8230	0.8258	4.0000	20.0829	713.1090	94.6655	13.7119	24.6666	0.9300	0.9423	0.5468	-0.0003	713.0000	716.5789	1.0256	-2.0000	100.0367	39.8319	0.8230	0.8251	5.0000	-9999.0000	-9999.0000	-9999.0000	-9999.0000	-9999.0000	-9999.0000	21.0029	8	0	28.9035	1.0000	99	9	-9999.0000	33009	14379	-9999	2443	2439	-9999	386.8979	5	0.5430	0.5468	-0.0003	48.3061	3.5503	645.2828	365.0010	38.8135	596.0109	95.9991	643.5528	95.3783	653.1290	94.8494	657.5725	94.6655	
30/12/2017	23:13:22	019003	G488131717MLR	L488	S		623.4347	1.0216	0.0000	100.0141	39.9487	0.8230	0.8258	4.0000	20.0926	713.0792	94.7805	12.5213	24.6666	0.9300	0.9423	0.5427	0.0000	713.0000	713.5538	1.0256	-2.0000	100.0394	39.7760	0.8230	0.8249	5.0000	-9999.0000	-9999.0000	-9999.0000	-9999.0000	-9999.0000	-9999.0000	21.1133	1	0	26.2245	1.0000	99	9	-9999.0000	33010	14380	-9999	2444	2440	-9999	387.4763	5	0.5431	0.5427	0.0000	51.6154	3.2497	653.6794	389.6416	37.9398	608.1673	95.9531	651.7525	95.0334	660.8054	94.8264	667.3657	94.9874	
30/12/2017	23:13:47	019003	G488131726MLR	L488	S		626.1566	1.0216	0.0000	99.9705	39.9369	0.8230	0.8256	4.0000	20.0927	713.1121	94.9414	10.6021	24.6666	0.9300	0.9424	0.5628	-0.0016	713.0000	713.3520	1.0256	-2.0000	100.0380	39.7691	0.8230	0.8250	5.0000	-9999.0000	-9999.0000	-9999.0000	-9999.0000	-9999.0000	-9999.0000	20.8829	2	0	25.2731	1.0000	99	9	-9999.0000	33010	14381	-9999	2445	2441	-9999	388.9273	5	0.5429	0.5628	-0.0016	46.7749	3.6565	646.6130	378.1811	38.4226	599.7073	95.8382	644.5060	95.1254	657.3130	94.8724	666.0515	94.9644	
30/12/2017	23:14:12	019003	G488131911MLR	L488	S		620.4788	1.0216	0.0000	100.0384	39.8681	0.8230	0.8257	4.0000	20.0977	713.0976	94.6885	13.2011	24.7692	0.9300	0.9425	0.5628	-0.0016	713.0000	713.9547	1.0256	-2.0000	100.0380	39.7814	0.8230	0.8250	5.0000	-9999.0000	-9999.0000	-9999.0000	-9999.0000	-9999.0000	-9999.0000	20.7733	3	0	25.3337	1.0000	99	9	-9999.0000	33011	14382	-9999	2446	2442	-9999	385.8809	5	0.5430	0.5628	-0.0016	100.1771	-0.7951	632.6132	346.1957	37.9858	587.3148	96.0221	630.9699	95.2173	640.4200	94.9414	648.2554	94.9414	
30/12/2017	23:17:54	019003	G488131716MLR	L488	S		619.5407	1.0216	0.0000	99.9990	39.9487	0.8230	0.8258	4.0000	20.1024	713.1170	94.7345	12.7616	24.7692	0.9300	0.9425	0.5588	-0.0014	713.0000	709.5223	1.0256	-2.0000	100.0734	39.7601	0.8230	0.8250	5.0000	-9999.0000	-9999.0000	-9999.0000	-9999.0000	-9999.0000	-9999.0000	20.9922	4	0	125.6879	1.0000	99	9	-9999.0000	33012	14383	-9999	2447	2443	-9999	386.3117	5	0.5424	0.5588	-0.0014	59.2902	2.6505	636.9809	380.4586	40.6071	591.1410	95.7692	635.2595	95.3553	646.0523	94.9644	652.2320	94.9644	
30/12/2017	23:18:10	019003	G488131900MLR	L488	S		624.3012	1.0216	0.0000	100.0531	39.9487	0.8230	0.8258	4.0000	20.0829	713.1181	94.7805	15.1018	24.7692	0.9300	0.9424	0.5565	-0.0012	713.0000	717.3420	1.0256	-2.0000	100.0298	39.7641	0.8230	0.8249	5.0000	-9999.0000	-9999.0000	-9999.0000	-9999.0000	-9999.0000	-9999.0000	21.5323	5	0	112.5765	1.0000	99	9	-9999.0000	33013	14384	-9999	2448	2444	-9999	384.4373	5	0.5422	0.5565	-0.0012	63.7753	2.2757	633.5065	346.0708	39.0435	590.7006	95.8842	631.7947	95.3093	641.3760	94.9874	648.7661	94.9414	
30/12/2017	23:18:36	019003	G488131909MLR	L488	S		620.1736	1.0216	0.0000	100.0473	39.9185	0.8230	0.8257	4.0000	20.0830	713.0974	94.7115	12.5418	24.6666	0.9300	0.9424	0.5597	-0.0014	713.0000	712.4323	1.0256	-2.0000	100.0317	39.7130	0.8230	0.8251	5.0000	-9999.0000	-9999.0000	-9999.0000	-9999.0000	-9999.0000	-9999.0000	21.0323	6	0	25.3229	1.0000	99	9	-9999.0000	33014	14385	-9999	2449	2445	-9999	386.4868	5	0.5426	0.5597	-0.0014	62.2303	2.4268	635.8184	353.9347	39.3194	587.3627	95.7232	634.0550	95.0104	644.5955	94.8494	653.2733	94.9874	
30/12/2017	23:19:01	019003	G488131901MLR	L488	S		623.0454	1.0216	0.0000	100.0412	39.8778	0.8230	0.8258	4.0000	20.0927	713.1096	94.8954	11.8513	24.7692	0.9300	0.9424	0.5606	-0.0015	713.0000	709.5482	1.0256	-2.0000	100.0271	39.6098	0.8230	0.8254	5.0000	-9999.0000	-9999.0000	-9999.0000	-9999.0000	-9999.0000	-9999.0000	20.8829	7	0	25.3240	1.0000	99	9	-9999.0000	33015	14386	-9999	2450	2446	-9999	387.2074	5	0.5423	0.5606	-0.0015	63.4479	2.3170	639.0222	344.8523	39.2734	589.9239	95.7002	637.1478	94.9644	648.1186	94.7575	656.0922	94.8494	
30/12/2017	23:19:26	019003	G488131902MLR	L488	S		623.1431	1.0216	0.0000	100.4157	39.9487	0.8230	0.8259	4.0000	20.1023	713.1132	94.9184	12.1023	24.7692	0.9300	0.9425	0.5635	-0.0017	713.0000	714.3408	1.0256	-2.0000	100.0251	39.7601	0.8230	0.8255	5.0000	-9999.0000	-9999.0000	-9999.0000	-9999.0000	-9999.0000	-9999.0000	20.8730	8	0	25.2635	1.0000	99	9	-9999.0000	33016	14387	-9999	2451	2447	-9999	387.5081	5	0.5426	0.5635	-0.0017	57.1197	2.7362	637.7607	356.1977	38.2847	586.8901	95.9761	635.8388	95.0794	646.8413	94.8264	655.5828	94.8264	
30/12/2017	23:19:52	019003	G488131910MLR	L488	S		620.8352	1.0216	0.0000	100.0639	39.9487	0.8230	0.8258	4.0000	20.1023	713.1071	94.8264	13.3710	24.8718	0.9300	0.9423	0.5689	-0.0021	713.0000	712.3327	1.0256	-2.0000	100.0375	39.8074	0.8230	0.8252	5.0000	-9999.0000	-9999.0000	-9999.0000	-9999.0000	-9999.0000	-9999.0000	20.9023	1	0	25.7643	1.0000	99	9	-9999.0000	33017	14388	-9999	2452	2448	-9999	385.6054	5	0.5419	0.5689	-0.0021	73.4170	1.2990	623.3170	296.2819	38.1237	577.4969	95.7002	621.6079	94.5735	632.7843	94.8034	641.9688	94.9874	
30/12/2017	23:20:17	019003	G488131899MLR	L488	S		626.8259	1.0216	0.0000	99.9864	39.9318	0.8230	0.8259	4.0000	20.0723	713.1935	94.7805	11.4616	24.8718	0.9300	0.9423	0.5685	-0.0021	713.0000	714.6295	1.0256	-2.0000	100.0277	39.6766	0.8230	0.8250	5.0000	-9999.0000	-9999.0000	-9999.0000	-9999.0000	-9999.0000	-9999.0000	20.8730	2	0	25.2828	1.0000	99	9	-9999.0000	33017	14389	-9999	2453	2449	-9999	388.4271	5	0.5418	0.5685	-0.0021	73.5999	1.3720	635.7833	279.1270	38.3077	587.9548	95.6542	633.9630	94.5965	645.5647	94.6655	656.7707	94.7345	
30/12/2017	23:20:43	019003	G488131908MLR	L488	S		620.4347	1.0216	0.0000	100.0271	39.7655	0.8230	0.8260	4.0000	20.0527	713.1100	94.6655	12.4217	24.7692	0.9300	0.9423	0.5811	-0.0030	713.0000	711.3118	1.0256	-2.0000	100.0220	39.6611	0.8230	0.8251	5.0000	-9999.0000	-9999.0000	-9999.0000	-9999.0000	-9999.0000	-9999.0000	21.3128	3	0	25.4139	1.0000	99	9	-9999.0000	33018	14390	-9999	2454	2450	-9999	387.8574	5	0.5418	0.5811	-0.0030	70.2964	1.5930	620.7092	336.9323	38.9515	573.0031	95.8842	618.5882	95.1713	630.4983	94.8034	639.6516	94.8034	
30/12/2017	23:21:08	019003	G488131898MLR	L488	S		621.6535	1.0216	0.0000	99.9942	39.9487	0.8230	0.8261	4.0000	20.0624	713.1347	94.6195	13.7920	24.7692	0.9300	0.9423	0.5768	-0.0027	713.0000	714.4424	1.0256	-2.0000	100.0363	39.7697	0.8230	0.8252	5.0000	-9999.0000	-9999.0000	-9999.0000	-9999.0000	-9999.0000	-9999.0000	20.7721	4	0	25.2135	1.0000	99	9	-9999.0000	33019	14391	-9999	2455	2451	-9999	384.9635	5	0.5423	0.5768	-0.0027	74.6278	1.2473	615.5866	348.9390	39.4344	565.8821	95.8612	613.8570	95.1713	624.6616	94.8494	634.2203	94.8724	
30/12/2017	23:21:33	019003	G488131907MLR	L488	S		619.9957	1.0216	0.0000	99.9243	39.9520	0.8230	0.8258	4.0000	20.0527	713.1764	94.6425	13.0126	24.6666	0.9300	0.9423	0.5753	-0.0026	713.0000	713.0918	1.0256	-2.0000	100.0262	39.7527	0.8230	0.8250	5.0000	-9999.0000	-9999.0000	-9999.0000	-9999.0000	-9999.0000	-9999.0000	21.0028	5	0	25.3834	1.0000	99	9	-9999.0000	33020	14392	-9999	2456	2452	-9999	386.2897	5	0.5416	0.5753	-0.0026	85.4427	0.4933	621.0683	353.0801	36.8131	570.6173	96.0911	618.8873	95.0794	630.9582	94.8264	639.4079	94.7805	
30/12/2017	23:21:59	019003	G488131886MLR	L488	S		628.2084	1.0216	0.0000	99.9796	39.8203	0.8230	0.8256	4.0000	20.0722	713.1132	94.8724	10.7017	24.6666	0.9300	0.9422	0.5561	-0.0011	713.0000	713.6285	1.0256	-2.0000	100.0442	39.6846	0.8230	0.8250	5.0000	-9999.0000	-9999.0000	-9999.0000	-9999.0000	-9999.0000	-9999.0000	21.0127	6	0	25.2342	1.0000	99	9	-9999.0000	33021	14393	-9999	2457	2453	-9999	388.2332	5	0.5431	0.5561	-0.0011	60.0600	2.4330	651.5487	376.5899	38.8135	603.1188	95.6772	649.7340	94.9184	659.5979	94.7345	667.0073	94.8494	
30/12/2017	23:22:24	019003	G488131867MLR	L488	S		623.1190	1.0216	0.0000	100.0021	39.8200	0.8230	0.8259	4.0000	20.0823	713.0818	94.6655	12.7723	24.7692	0.9300	0.9423	0.5597	-0.0013	713.0000	713.7402	1.0256	-2.0000	100.0211	39.7509	0.8230	0.8252	5.0000	-9999.0000	-9999.0000	-9999.0000	-9999.0000	-9999.0000	-9999.0000	20.8730	7	0	25.3532	1.0000	99	9	-9999.0000	33022	14394	-9999	2458	2454	-9999	387.1190	5	0.5436	0.5597	-0.0013	62.4638	2.2187	637.9297	354.4461	38.5376	588.7622	95.9531	635.8873	95.4013	646.8907	94.8954	654.3022	94.9184	
30/12/2017	23:22:49	019003	G488131894MLR	L488	S		623.7024	1.0216	0.0000	99.9619	39.9487	0.8230	0.8259	4.0000	20.0624	713.1124	94.7115	12.5516	24.6666	0.9300	0.9423	0.5654	-0.0018	713.0000	712.9559	1.0256	-2.0000	100.0475	39.8050	0.8230	0.8251	5.0000	-9999.0000	-9999.0000	-9999.0000	-9999.0000	-9999.0000	-9999.0000	20.8935	8	0	25.3141	1.0000	99	9	-9999.0000	33023	14395	-9999	2459	2455	-9999	386.7687	5	0.5423	0.5654	-0.0018	69.9061	1.6577	631.5791	350.1338	37.0660	580.3057	96.0911	629.7346	95.0564	640.7584	94.8954	649.3851	94.8954	
30/12/2017	23:23:15	019003	G488131884MLR	L488	S		625.0815	1.0216	0.0000	100.0045	39.9482	0.8230	0.8257	4.0000	20.0624	713.1118	94.6655	12.1717	24.7692	0.9300	0.9424	0.5694	-0.0021	713.0000	713.9306	1.0256	-2.0000	100.0432	39.7357	0.8230	0.8249	5.0000	-9999.0000	-9999.0000	-9999.0000	-9999.0000	-9999.0000	-9999.0000	21.0829	1	0	25.3435	1.0000	99	9	-9999.0000	33024	14396	-9999	2460	2456	-9999	387.6503	5	0.5421	0.5694	-0.0021	65.1172	2.0341	633.2066	379.3962	38.3767	587.6014	95.9761	631.4958	95.0794	642.5897	94.8494	651.3740	94.8034	
30/12/2017	23:23:40	019003	G488131906MLR	L488	S		619.3982	1.0216	0.0000	100.0201	39.8185	0.8230	0.8256	4.0000	20.0625	713.1837	94.8034	12.5116	24.7692	0.9300	0.9424	0.5605	-0.0015	713.0000	709.3415	1.0256	-2.0000	100.0496	39.6912	0.8230	0.8250	5.0000	-9999.0000	-9999.0000	-9999.0000	-9999.0000	-9999.0000	-9999.0000	21.0230	2	0	25.2635	1.0000	99	9	-9999.0000	33024	14397	-9999	2461	2457	-9999	386.7872	5	0.5427	0.5605	-0.0015	50.0348	3.2999	634.1175	346.5258	38.4916	585.9216	95.8842	632.4603	94.9874	642.9236	94.8724	652.3746	94.9184	
30/12/2017	23:24:05	019003	G488133165MLR	L488	S		631.0585	1.0216	0.0000	100.3107	39.8691	0.8230	0.8259	4.0000	20.0831	713.1550	95.1024	11.2418	24.7692	0.9300	0.9423	0.5620	-0.0016	713.0000	714.5476	1.0256	-2.0000	100.0437	39.7852	0.8230	0.8252	5.0000	-9999.0000	-9999.0000	-9999.0000	-9999.0000	-9999.0000	-9999.0000	21.0029	3	0	25.4234	1.0000	99	9	-9999.0000	33025	14398	-9999	2462	2458	-9999	388.3564	5	0.5424	0.5620	-0.0016	58.3522	2.5677	627.8189	347.3004	38.0317	576.0152	96.0221	626.3502	94.8954	637.5379	94.7575	645.8247	94.8494	
30/12/2017	23:24:31	019003	G488133167MLR	L488	S		625.5749	1.0216	0.0000	99.9928	39.9806	0.8230	0.8258	4.0000	20.0829	713.1267	94.7345	11.6315	24.7692	0.9300	0.9423	0.5538	-0.0009	713.0000	715.0470	1.0256	-2.0000	100.0371	39.7834	0.8230	0.8250	5.0000	-9999.0000	-9999.0000	-9999.0000	-9999.0000	-9999.0000	-9999.0000	20.9834	4	0	25.2838	1.0000	99	9	-9999.0000	33026	14399	-9999	2463	2459	-9999	387.4582	5	0.5419	0.5538	-0.0009	59.7743	2.3918	649.2571	375.7006	38.5376	605.4683	95.8612	647.6856	95.0564	657.7882	94.8724	664.4024	94.9184	
30/12/2017	23:24:56	019003	G488133161MLR	L488	S		625.7264	1.0216	0.0000	99.9892	39.9377	0.8230	0.8256	4.0000	20.0828	713.0702	94.7805	11.2819	24.7692	0.9300	0.9423	0.5538	-0.0009	713.0000	713.4389	1.0256	-2.0000	100.0302	39.7234	0.8230	0.8250	5.0000	-9999.0000	-9999.0000	-9999.0000	-9999.0000	-9999.0000	-9999.0000	21.0225	5	0	25.3034	1.0000	99	9	-9999.0000	33027	14400	-9999	2464	2460	-9999	387.6927	5	0.5427	0.5538	-0.0009	54.8004	2.8260	650.6789	346.9393	39.6183	598.7321	95.6312	648.8520	94.9184	659.7073	94.8264	667.1924	95.0794	
30/12/2017	23:25:21	019003	G488133175MLR	L488	S		630.7112	1.0216	0.0000	100.0120	39.8300	0.8230	0.8256	4.0000	20.0827	713.0966	94.6655	10.2016	24.7692	0.9300	0.9423	0.5526	-0.0008	713.0000	712.7673	1.0256	-2.0000	100.0348	39.7625	0.8230	0.8251	5.0000	-9999.0000	-9999.0000	-9999.0000	-9999.0000	-9999.0000	-9999.0000	21.0428	6	0	25.2439	1.0000	99	9	-9999.0000	33028	14401	-9999	2465	2461	-9999	388.3340	5	0.5434	0.5526	-0.0008	58.6604	2.4959	659.4764	357.2795	37.1810	610.1066	95.9991	657.7229	94.9644	667.8199	94.9644	675.6726	95.0104	
30/12/2017	23:25:46	019003	G488133176MLR	L488	S		629.6919	1.0216	0.0000	99.9797	39.9190	0.8230	0.8259	4.0000	20.0829	713.0869	94.7805	10.9820	24.7692	0.9300	0.9424	0.5520	-0.0007	713.0000	713.1752	1.0256	-2.0000	100.0347	39.7978	0.8230	0.8250	5.0000	-9999.0000	-9999.0000	-9999.0000	-9999.0000	-9999.0000	-9999.0000	21.2139	7	0	25.2731	1.0000	99	9	-9999.0000	33029	14402	-9999	2466	2462	-9999	387.7984	5	0.5433	0.5520	-0.0007	31.9075	4.6134	653.7368	347.6008	38.6296	603.1777	95.8382	651.7813	95.1024	662.2980	94.8724	669.4978	94.9184	
30/12/2017	23:26:12	019003	G488133137MLR	L488	S		625.0955	1.0216	0.0000	100.0248	39.9645	0.8230	0.8258	4.0000	20.0731	713.1403	94.8494	10.9010	24.7692	0.9300	0.9424	0.5520	-0.0007	713.0000	708.9089	1.0256	-2.0000	100.0391	39.7507	0.8230	0.8250	5.0000	-9999.0000	-9999.0000	-9999.0000	-9999.0000	-9999.0000	-9999.0000	21.1329	8	0	25.2536	1.0000	99	9	-9999.0000	33030	14403	-9999	2467	2463	-9999	387.8797	5	0.5432	0.5520	-0.0007	87.8085	0.1273	652.7413	356.4655	37.8248	604.5798	95.9531	651.1956	94.9874	661.9603	94.8954	669.7117	94.9874	
30/12/2017	23:26:37	019003	G488133108MLR	L488	S		623.2446	1.0216	0.0000	99.9862	39.9277	0.8230	0.8256	4.0000	20.0721	713.0924	94.5275	11.9216	24.7692	0.9300	0.9424	0.5520	-0.0007	713.0000	714.6347	1.0256	-2.0000	100.0396	39.7407	0.8230	0.8250	5.0000	-9999.0000	-9999.0000	-9999.0000	-9999.0000	-9999.0000	-9999.0000	20.9922	1	0	25.2936	1.0000	99	9	-9999.0000	33031	14404	-9999	2468	2464	-9999	387.2943	5	0.5434	0.5520	-0.0007	50.5601	3.1763	651.2735	354.7545	36.5142	603.6931	96.1371	649.1959	95.2173	659.2037	94.8494	665.6247	94.9644	
30/12/2017	23:27:02	019003	G488133109MLR	L488	S		619.6986	1.0216	0.0000	100.0172	39.8461	0.8230	0.8257	4.0000	20.1228	713.0827	94.5045	12.2625	24.7692	0.9300	0.9424	0.5444	-0.0001	713.0000	713.8232	1.0256	-2.0000	100.0183	39.7611	0.8230	0.8249	5.0000	-9999.0000	-9999.0000	-9999.0000	-9999.0000	-9999.0000	-9999.0000	22.0528	2	0	25.2937	1.0000	99	9	-9999.0000	33032	14405	-9999	2468	2465	-9999	387.7634	5	0.5438	0.5444	-0.0001	44.5400	3.6950	655.4494	371.1307	37.8478	604.7995	95.9761	653.6824	95.2633	662.1341	95.0104	669.1252	94.9874	
30/12/2017	23:27:53	019003	G488133129MLR	L488	S		630.0632	1.0216	0.0000	99.9515	39.9569	0.8230	0.8258	4.0000	20.0830	713.0814	94.8724	10.2310	24.8718	0.9300	0.9424	0.5667	-0.0021	713.0000	712.9355	1.0256	-2.0000	100.0352	39.6830	0.8230	0.8248	5.0000	-9999.0000	-9999.0000	-9999.0000	-9999.0000	-9999.0000	-9999.0000	20.8329	4	0	25.2936	1.0000	99	9	-9999.0000	33034	14406	-9999	2470	2466	-9999	389.0548	5	0.5442	0.5667	-0.0021	25.3561	5.4516	645.6385	302.4038	38.8595	594.8495	95.5622	644.2077	94.4585	655.5420	94.7115	665.5567	94.9644	
30/12/2017	23:28:18	019003	G488142359MLR	L488	S		605.3373	1.0216	0.0000	99.9994	39.9162	0.8230	0.8257	4.0000	20.0625	713.1432	94.8724	10.4810	24.8718	0.9300	0.9424	0.5617	-0.0016	713.0000	713.9509	1.0256	-2.0000	100.0230	39.6136	0.8230	0.8251	5.0000	-9999.0000	-9999.0000	-9999.0000	-9999.0000	-9999.0000	-9999.0000	20.9932	5	0	25.2643	1.0000	99	9	-9999.0000	33035	14407	-9999	2471	2467	-9999	388.3978	5	0.5442	0.5617	-0.0016	22.0185	5.7597	648.9608	344.0168	39.9402	579.3451	95.7692	646.9797	95.0794	659.3991	94.8954	667.2746	94.9414	
30/12/2017	23:28:43	019003	G488142348MLR	L488	S		621.7210	1.0216	0.0000	99.9734	39.8627	0.8230	0.8257	4.0000	20.0829	713.1379	94.8034	11.3610	24.7692	0.9300	0.9423	0.5581	-0.0013	713.0000	714.6208	1.0256	-2.0000	100.0277	39.9267	0.8230	0.8254	5.0000	-9999.0000	-9999.0000	-9999.0000	-9999.0000	-9999.0000	-9999.0000	21.0224	6	0	25.2830	1.0000	99	9	-9999.0000	33036	14408	-9999	2472	2468	-9999	387.8575	5	0.5441	0.5581	-0.0013	-3.0004	7.9180	645.7800	345.8019	37.8938	594.8699	95.9761	643.9309	95.0794	655.3773	94.8264	662.9677	94.9644	
30/12/2017	23:29:09	019003	G488142339MLR	L488	S		617.0636	1.0216	0.0000	100.0897	39.9487	0.8230	0.8259	4.0000	20.1023	713.0597	94.8034	11.2917	24.7692	0.9300	0.9423	0.5581	-0.0013	713.0000	714.3079	1.0256	-2.0000	100.0227	39.8287	0.8230	0.8249	5.0000	-9999.0000	-9999.0000	-9999.0000	-9999.0000	-9999.0000	-9999.0000	21.0929	7	0	25.2437	1.0000	99	9	-9999.0000	33037	14409	-9999	2473	2469	-9999	387.8592	5	0.5441	0.5581	-0.0013	-3.0004	7.9180	646.7049	354.4314	36.8361	595.5995	96.1831	644.7989	95.1713	656.8270	94.9414	663.6787	94.9414	
30/12/2017	23:29:34	019003	G488143595MLR	L488	S		622.4501	1.0216	0.0000	100.3858	39.9487	0.8230	0.8258	4.0000	20.0723	713.1570	94.8034	10.6920	24.7692	0.9300	0.9423	0.5635	-0.0017	713.0000	714.5808	1.0256	-2.0000	100.0171	39.6098	0.8230	0.8248	5.0000	-9999.0000	-9999.0000	-9999.0000	-9999.0000	-9999.0000	-9999.0000	21.2823	8	0	25.2937	1.0000	99	9	-9999.0000	33038	14410	-9999	2474	2470	-9999	388.8937	5	0.5443	0.5635	-0.0017	17.0219	6.2221	646.9830	345.2772	37.1350	595.5703	95.9301	645.6376	95.2173	655.9810	94.8494	663.8061	94.8954	
30/12/2017	23:29:59	019003	G488143585MLR	L488	S		620.2382	1.0216	0.0000	100.0169	39.9072	0.8230	0.8257	4.0000	20.0730	713.1342	94.6425	11.3815	24.7692	0.9300	0.9424	0.5608	-0.0015	713.0000	715.2413	1.0256	-2.0000	100.0234	39.7675	0.8230	0.8253	5.0000	-9999.0000	-9999.0000	-9999.0000	-9999.0000	-9999.0000	-9999.0000	21.3028	1	0	25.4235	1.0000	99	9	-9999.0000	33039	14411	-9999	2475	2471	-9999	388.0206	5	0.5444	0.5608	-0.0015	22.9120	5.7564	644.1057	349.6258	36.7671	593.3606	96.0221	642.1727	95.1713	653.4262	94.9184	661.7272	95.0334	
30/12/2017	23:30:24	019003	G488143598MLR	L488	S		619.5788	1.0216	0.0000	100.0042	39.9147	0.8230	0.8258	4.0000	20.0723	713.1040	94.7805	10.6119	24.7692	0.9300	0.9424	0.5590	-0.0014	713.0000	713.5090	1.0256	-2.0000	100.0203	39.8954	0.8230	0.8251	5.0000	-9999.0000	-9999.0000	-9999.0000	-9999.0000	-9999.0000	-9999.0000	21.1436	2	0	25.2135	1.0000	99	9	-9999.0000	33040	14412	-9999	2476	2472	-9999	387.8683	5	0.5435	0.5590	-0.0014	29.2729	5.3042	651.4925	359.3597	39.9172	601.5147	95.6772	649.6946	95.1254	660.4141	95.0104	668.8698	94.9874	
30/12/2017	23:30:50	019003	G488133148MLR	L488	S		621.7515	1.0216	0.0000	100.0344	39.9487	0.8230	0.8258	4.0000	20.1023	713.1387	94.6655	11.7917	24.7692	0.9300	0.9424	0.5583	-0.0014	713.0000	711.9881	1.0256	-2.0000	100.0892	39.7305	0.8230	0.8248	5.0000	-9999.0000	-9999.0000	-9999.0000	-9999.0000	-9999.0000	-9999.0000	20.8223	3	0	25.3542	1.0000	99	9	-9999.0000	33041	14413	-9999	2477	2473	-9999	386.7634	5	0.5437	0.5583	-0.0014	169.1776	-6.3037	643.3738	359.1363	39.0205	594.8515	95.7232	641.4332	95.1713	652.1771	94.9184	660.3674	94.9874	
30/12/2017	23:31:15	019003	G488143567MLR	L488	S		619.2041	1.0216	0.0000	100.0195	39.9487	0.8230	0.8257	4.0000	20.0722	713.1181	94.5505	11.8816	24.7692	0.9300	0.9423	0.5673	-0.0022	713.0000	714.5736	1.0256	-2.0000	100.0437	39.6776	0.8230	0.8250	5.0000	-9999.0000	-9999.0000	-9999.0000	-9999.0000	-9999.0000	-9999.0000	21.2422	4	0	25.3131	1.0000	99	9	-9999.0000	33042	14414	-9999	2478	2474	-9999	386.3394	5	0.5440	0.5673	-0.0022	22.1437	6.5093	634.4188	346.4942	39.3424	585.2815	95.6772	632.3055	95.0794	644.4579	94.8494	654.4661	95.0564	
30/12/2017	23:31:40	019003	G488142308MLR	L488	S		618.5286	1.0216	0.0000	100.0404	39.8906	0.8230	0.8257	4.0000	20.0926	713.1334	95.0334	10.0522	24.6666	0.9300	0.9422	0.5625	-0.0017	713.0000	712.7359	1.0256	-2.0000	100.0367	39.8335	0.8230	0.8253	5.0000	-9999.0000	-9999.0000	-9999.0000	-9999.0000	-9999.0000	-9999.0000	20.8634	5	0	25.3242	1.0000	99	9	-9999.0000	33043	14415	-9999	2479	2475	-9999	388.7513	5	0.5433	0.5625	-0.0017	274.4291	-15.8120	648.9123	343.7459	39.5034	598.4964	95.4703	647.0168	94.9184	658.2604	94.7575	667.8882	94.8034	
30/12/2017	23:32:06	019003	G488142318MLR	L488	S		611.1797	1.0216	0.0000	99.9606	39.9361	0.8230	0.8258	4.0000	20.0538	713.0846	94.5965	12.1814	24.6666	0.9300	0.9422	0.5616	-0.0017	713.0000	713.0350	1.0256	-2.0000	100.0338	39.8421	0.8230	0.8251	5.0000	-9999.0000	-9999.0000	-9999.0000	-9999.0000	-9999.0000	-9999.0000	20.8535	6	0	25.3227	1.0000	99	9	-9999.0000	33044	14416	-9999	2480	2476	-9999	386.1125	5	0.5432	0.5616	-0.0017	67.2365	2.4390	636.4408	349.8384	39.3654	586.5934	95.7922	634.4598	95.3093	645.5476	94.9184	655.0440	94.9644	
30/12/2017	23:32:31	019003	G488142309MLR	L488	S		627.6197	1.0216	0.0000	100.0629	39.9487	0.8230	0.8258	4.0000	20.0926	713.1333	94.9644	8.9612	24.6666	0.9300	0.9423	0.5531	-0.0009	713.0000	710.9744	1.0256	-2.0000	100.0251	39.7126	0.8230	0.8249	5.0000	-9999.0000	-9999.0000	-9999.0000	-9999.0000	-9999.0000	-9999.0000	21.0528	7	0	25.4537	1.0000	99	9	-9999.0000	33044	14417	-9999	2481	2477	-9999	388.8896	5	0.5433	0.5531	-0.0009	100.0563	-0.5657	665.5125	363.4045	38.4916	614.4348	95.6542	663.8285	94.9644	673.6872	94.8264	682.3058	94.8954	
30/12/2017	23:32:56	019003	G488143577MLR	L488	S		621.7873	1.0216	0.0000	100.0212	39.9454	0.8230	0.8257	4.0000	20.1034	713.1291	94.8034	11.1412	24.7692	0.9300	0.9423	0.5627	-0.0018	713.0000	714.4233	1.0256	-2.0000	100.0391	39.7729	0.8230	0.8252	5.0000	-9999.0000	-9999.0000	-9999.0000	-9999.0000	-9999.0000	-9999.0000	20.8124	8	0	25.2439	1.0000	99	9	-9999.0000	33045	14418	-9999	2482	2478	-9999	387.3434	5	0.5428	0.5627	-0.0018	77.4634	1.4780	643.4600	342.0377	38.1927	594.7647	95.8842	641.3317	95.2863	652.9746	94.9414	661.7354	94.8954	
30/12/2017	23:33:22	019003	G488143579MLR	L488	S		620.9831	1.0216	0.0000	99.9035	39.9029	0.8230	0.8257	4.0000	20.0928	713.1958	94.7115	11.4723	24.6666	0.9300	0.9424	0.5656	-0.0020	713.0000	714.2180	1.0256	-2.0000	100.0329	39.8503	0.8230	0.8252	5.0000	-9999.0000	-9999.0000	-9999.0000	-9999.0000	-9999.0000	-9999.0000	20.8427	1	0	25.3531	1.0000	99	9	-9999.0000	33046	14419	-9999	2483	2479	-9999	386.8605	5	0.5431	0.5656	-0.0020	86.4632	0.7436	639.1193	341.5540	36.1693	587.7728	95.9991	637.1340	95.1484	648.4352	94.9414	657.9944	94.9644	
30/12/2017	23:33:47	019003	G488143580MLR	L488	S		620.8971	1.0216	0.0000	99.9841	39.9487	0.8230	0.8258	4.0000	20.1132	713.0786	94.5275	12.0017	24.6666	0.9300	0.9423	0.5629	-0.0018	713.0000	715.1356	1.0256	-2.0000	100.0250	39.7297	0.8230	0.8248	5.0000	-9999.0000	-9999.0000	-9999.0000	-9999.0000	-9999.0000	-9999.0000	21.9132	2	0	25.3240	1.0000	99	9	-9999.0000	33047	14420	-9999	2484	2480	-9999	386.3088	5	0.5429	0.5629	-0.0018	86.7040	0.7189	640.3636	341.8942	36.6751	589.8131	95.9761	638.4906	95.1024	648.8373	94.9184	656.9621	94.9874	
30/12/2017	23:34:12	019003	G488143587MLR	L488	S		625.6352	1.0216	0.0000	100.0463	39.9487	0.8230	0.8257	4.0000	20.0926	713.1412	94.9414	9.6313	24.6666	0.9300	0.9424	0.5623	-0.0017	713.0000	712.6220	1.0256	-2.0000	100.0378	39.7399	0.8230	0.8250	5.0000	-9999.0000	-9999.0000	-9999.0000	-9999.0000	-9999.0000	-9999.0000	21.2530	3	0	25.3033	1.0000	99	9	-9999.0000	33048	14421	-9999	2485	2481	-9999	389.4520	5	0.5435	0.5623	-0.0017	52.5912	3.6891	653.8999	374.3514	40.5151	605.9268	95.3093	651.9776	94.7575	663.5796	94.6195	672.1575	94.8724	
30/12/2017	23:34:38	019003	G488142319MLR	L488	S		616.0304	1.0216	0.0000	99.8749	39.9239	0.8230	0.8257	4.0000	20.1024	713.1548	94.6885	13.0311	24.7692	0.9300	0.9424	0.5649	-0.0020	713.0000	711.5358	1.0256	-2.0000	100.0396	39.8463	0.8230	0.8252	5.0000	-9999.0000	-9999.0000	-9999.0000	-9999.0000	-9999.0000	-9999.0000	21.1836	4	0	25.3144	1.0000	99	9	-9999.0000	33049	14422	-9999	2486	2482	-9999	384.4830	5	0.5433	0.5649	-0.0020	44.4426	4.5034	630.7438	343.9684	37.4109	580.7356	96.0451	628.9433	95.1254	639.9502	94.9644	647.9779	94.9414	
30/12/2017	23:35:03	019003	G488143581MLR	L488	S		623.3200	1.0216	0.0000	100.0148	39.9361	0.8230	0.8257	4.0000	20.0927	713.1121	94.8034	10.9820	24.6666	0.9300	0.9423	0.5642	-0.0019	713.0000	714.6586	1.0256	-2.0000	100.0397	39.8367	0.8230	0.8250	5.0000	-9999.0000	-9999.0000	-9999.0000	-9999.0000	-9999.0000	-9999.0000	20.8329	5	0	25.3627	1.0000	99	9	-9999.0000	33050	14423	-9999	2486	2483	-9999	387.3870	5	0.5435	0.5642	-0.0019	42.0119	4.7134	641.8736	353.8380	39.6873	592.5589	95.4703	639.9073	94.9184	652.4545	94.8264	661.9811	95.0794	
30/12/2017	23:35:29	019003	G488143571MLR	L488	S		625.8512	1.0216	0.0000	100.0678	39.9487	0.8230	0.8258	4.0000	20.0937	713.1025	95.0334	9.7006	24.6666	0.9300	0.9423	0.5647	-0.0020	713.0000	711.8394	1.0256	-2.0000	100.0302	39.7357	0.8230	0.8249	5.0000	-9999.0000	-9999.0000	-9999.0000	-9999.0000	-9999.0000	-9999.0000	20.9823	6	0	25.2840	1.0000	99	9	-9999.0000	33051	14424	-9999	2487	2484	-9999	388.9691	5	0.5425	0.5647	-0.0020	50.0585	3.7465	650.1182	345.4599	36.5831	600.8322	95.9071	648.2655	94.9414	660.6065	94.8264	669.3729	94.7575	
30/12/2017	23:35:56	019003	G488143574MLR	L488	S		622.7289	1.0216	0.0000	99.9755	39.9487	0.8230	0.8257	4.0000	20.1024	713.1813	94.8724	10.9312	24.6666	0.9300	0.9423	0.5686	-0.0024	713.0000	714.0810	1.0256	-2.0000	100.0327	39.7834	0.8230	0.8251	5.0000	-9999.0000	-9999.0000	-9999.0000	-9999.0000	-9999.0000	-9999.0000	21.1327	7	0	27.3435	1.0000	99	9	-9999.0000	33052	14425	-9999	2488	2485	-9999	387.2264	5	0.5435	0.5686	-0.0024	51.7039	3.6097	638.4242	363.1583	40.2162	589.4722	95.5392	636.5379	94.8494	649.7323	94.9184	659.1765	94.9874	
30/12/2017	23:36:21	019003	G488143582MLR	L488	S		626.5279	1.0216	0.0000	100.0125	39.9292	0.8230	0.8257	4.0000	20.1230	713.1647	94.9644	9.7113	24.6666	0.9300	0.9424	0.5721	-0.0027	713.0000	712.9294	1.0256	-2.0000	100.0260	39.8401	0.8230	0.8250	5.0000	-9999.0000	-9999.0000	-9999.0000	-9999.0000	-9999.0000	-9999.0000	21.2930	8	0	25.2839	1.0000	99	9	-9999.0000	33053	14426	-9999	2489	2485	-9999	389.6827	5	0.5422	0.5721	-0.0027	75.9105	1.5099	645.7064	364.4282	39.0205	597.3502	95.6772	643.6977	95.1484	656.6918	94.9414	666.8369	94.8724	
30/12/2017	23:45:21	019003	G488143592MLR	L488	S		627.1115	1.0216	0.0000	100.3060	39.9487	0.8230	0.8258	4.0000	20.0826	713.1547	94.8724	10.4810	24.7692	0.9300	0.9424	0.5636	-0.0019	713.0000	714.0890	1.0256	-2.0000	100.0362	39.7856	0.8230	0.8249	5.0000	-9999.0000	-9999.0000	-9999.0000	-9999.0000	-9999.0000	-9999.0000	20.9228	1	0	539.7065	1.0000	99	9	-9999.0000	33054	14427	-9999	2490	2486	-9999	387.8818	5	0.5422	0.5636	-0.0019	62.6255	2.5974	646.9372	370.5834	39.4574	601.5639	95.6082	645.0358	95.0334	657.0677	94.8264	665.4868	94.7805	
30/12/2017	23:45:49	019003	G488143584MLR	L488	S		624.6561	1.0216	0.0000	99.9822	39.9487	0.8230	0.8257	4.0000	20.0732	713.2002	94.9874	10.4712	24.7692	0.9300	0.9424	0.5656	-0.0020	713.0000	714.0523	1.0256	-2.0000	100.0356	39.7551	0.8230	0.8250	5.0000	-9999.0000	-9999.0000	-9999.0000	-9999.0000	-9999.0000	-9999.0000	21.1631	2	0	28.8535	1.0000	99	9	-9999.0000	33055	14428	-9999	2491	2487	-9999	388.3061	5	0.5431	0.5656	-0.0020	56.2516	3.1504	646.0822	341.3314	39.4344	595.8617	95.5622	644.2237	94.8724	655.8767	94.8034	664.4956	94.9414	
30/12/2017	23:46:15	019003	G488142374MLR	L488	S		615.6450	1.0216	0.0000	99.9964	39.9487	0.8230	0.8257	4.0000	20.1025	713.0998	94.7115	11.4118	24.7692	0.9300	0.9425	0.5641	-0.0019	713.0000	712.9812	1.0256	-2.0000	100.0043	39.4918	0.8230	0.8253	5.0000	-9999.0000	-9999.0000	-9999.0000	-9999.0000	-9999.0000	-9999.0000	20.9628	3	0	25.2937	1.0000	99	9	-9999.0000	33056	14429	-9999	2492	2488	-9999	386.9021	5	0.5435	0.5641	-0.0019	60.7655	2.7169	641.4762	349.3335	38.7446	592.0429	95.7462	639.2540	95.1713	651.5519	94.9184	659.4976	94.9874	
30/12/2017	23:46:40	019003	G488142382MLR	L488	S		619.4422	1.0216	0.0000	100.1319	39.9487	0.8230	0.8257	4.0000	20.0730	713.0924	94.7575	12.0115	24.7692	0.9300	0.9425	0.5645	-0.0019	713.0000	715.2843	1.0256	-2.0000	100.0185	39.6597	0.8230	0.8257	5.0000	-9999.0000	-9999.0000	-9999.0000	-9999.0000	-9999.0000	-9999.0000	20.8525	4	0	25.5438	1.0000	99	9	-9999.0000	33057	14430	-9999	2493	2489	-9999	386.1058	5	0.5436	0.5645	-0.0019	59.0757	2.8556	638.8137	342.4399	38.1927	588.8195	95.9301	636.9797	95.2173	649.0161	94.9644	656.0788	94.9184	
30/12/2017	23:47:06	019003	G488142395MLR	L488	S		621.2641	1.0216	0.0000	100.0038	39.9487	0.8230	0.8257	4.0000	20.1219	713.1924	94.9414	10.7213	24.7692	0.9300	0.9425	0.5802	-0.0035	713.0000	713.0113	1.0256	-2.0000	100.0061	39.7357	0.8230	0.8253	5.0000	-9999.0000	-9999.0000	-9999.0000	-9999.0000	-9999.0000	-9999.0000	20.8829	5	0	25.2535	1.0000	99	9	-9999.0000	33058	14431	-9999	2494	2490	-9999	387.3429	5	0.5441	0.5802	-0.0035	46.2677	4.1141	630.5476	360.3095	39.2734	580.8102	95.5392	628.2401	94.9644	643.2878	94.8954	652.6417	94.9874	
30/12/2017	23:47:31	019003	G488142415MLR	L488	S		621.0659	1.0216	0.0000	99.9284	39.9487	0.8230	0.8257	4.0000	20.1034	713.2209	94.7805	11.6921	24.9743	0.9300	0.9420	0.5808	-0.0035	713.0000	711.5722	1.0256	-2.0000	100.0201	39.5687	0.8230	0.8250	5.0000	-9999.0000	-9999.0000	-9999.0000	-9999.0000	-9999.0000	-9999.0000	20.8427	6	0	25.3240	1.0000	99	9	-9999.0000	33059	14432	-9999	2495	2490	-9999	384.8517	5	0.5445	0.5808	-0.0035	45.3920	4.2038	622.9188	218.5723	36.8361	572.2885	95.8382	621.2521	94.5275	633.5091	94.5735	645.2366	94.8494	
30/12/2017	23:47:56	019003	G488142392MLR	L488	S		621.9237	1.0216	0.0000	99.9758	39.7494	0.8230	0.8258	4.0000	20.0026	713.1667	94.8724	10.5718	24.7692	0.9300	0.9418	0.5698	-0.0025	713.0000	713.6492	1.0256	-2.0000	100.0197	39.6086	0.8230	0.8253	5.0000	-9999.0000	-9999.0000	-9999.0000	-9999.0000	-9999.0000	-9999.0000	21.0528	7	0	25.2633	1.0000	99	9	-9999.0000	33060	14433	-9999	2496	2491	-9999	387.8503	5	0.5437	0.5698	-0.0025	23.3934	6.3110	641.1139	360.9714	39.0205	589.7152	95.8842	639.3084	95.0564	651.5683	94.8724	660.9679	94.9644	
30/12/2017	23:48:21	019003	G488142404MLR	L488	S		622.2826	1.0216	0.0000	99.9699	39.7435	0.8230	0.8260	4.0000	20.0224	713.1883	94.8494	10.5015	24.7692	0.9300	0.9419	0.5713	-0.0026	713.0000	714.0425	1.0256	-2.0000	100.0246	39.7501	0.8230	0.8254	5.0000	-9999.0000	-9999.0000	-9999.0000	-9999.0000	-9999.0000	-9999.0000	20.8329	8	0	25.3239	1.0000	99	9	-9999.0000	33061	14434	-9999	2497	2492	-9999	388.0819	5	0.5432	0.5713	-0.0026	36.2735	5.0767	642.1838	366.8942	39.3194	590.9744	95.8382	640.2424	95.2633	652.2106	94.8724	661.0851	94.7575	
30/12/2017	23:48:47	019003	G488142393MLR	L488	S		623.8631	1.0216	0.0000	99.9069	39.9487	0.8230	0.8261	4.0000	20.0223	713.1493	94.8724	10.8316	24.7692	0.9300	0.9420	0.5661	-0.0021	713.0000	714.1506	1.0256	-2.0000	100.0139	39.6527	0.8230	0.8249	5.0000	-9999.0000	-9999.0000	-9999.0000	-9999.0000	-9999.0000	-9999.0000	21.6003	1	0	25.2838	1.0000	99	9	-9999.0000	33062	14435	-9999	2498	2493	-9999	387.2823	5	0.5426	0.5661	-0.0021	30.2523	5.6317	642.6121	366.3754	38.9745	589.2658	95.9071	640.4179	95.2633	653.0105	95.0104	661.6261	94.9414	
30/12/2017	23:49:12	019003	G488142385MLR	L488	S		621.0161	1.0216	0.0000	100.0337	39.9049	0.8230	0.8257	4.0000	20.0427	713.1363	94.9414	9.0511	24.7692	0.9300	0.9420	0.5697	-0.0025	713.0000	714.3628	1.0256	-2.0000	100.0243	39.5890	0.8230	0.8250	5.0000	-9999.0000	-9999.0000	-9999.0000	-9999.0000	-9999.0000	-9999.0000	21.4433	2	0	25.3532	1.0000	99	9	-9999.0000	33063	14436	-9999	2499	2494	-9999	390.4135	5	0.5421	0.5697	-0.0025	56.7790	3.2173	651.5333	378.9544	40.0092	598.0562	95.6312	649.1338	95.1943	663.3235	94.9184	672.4440	94.9414	
30/12/2017	23:49:37	019003	G488142386MLR	L488	S		620.0380	1.0216	0.0000	99.9842	39.7083	0.8230	0.8256	4.0000	20.0623	713.1785	94.7805	10.8316	24.7692	0.9300	0.9420	0.5704	-0.0025	713.0000	713.5844	1.0256	-2.0000	100.0197	39.7078	0.8230	0.8253	5.0000	-9999.0000	-9999.0000	-9999.0000	-9999.0000	-9999.0000	-9999.0000	20.8728	3	0	25.3033	1.0000	99	9	-9999.0000	33064	14437	-9999	2500	2495	-9999	387.2828	5	0.5420	0.5704	-0.0025	59.9820	2.9835	638.3263	354.3080	39.4804	586.1215	95.8152	636.2716	95.1943	649.3089	94.8954	658.3898	94.8034	
30/12/2017	23:50:03	019003	G488142379MLR	L488	S		623.7073	1.0216	0.0000	100.0225	39.7978	0.8230	0.8260	4.0000	20.0331	713.1242	94.8724	10.5415	24.6666	0.9300	0.9420	0.5696	-0.0025	713.0000	713.4314	1.0256	-2.0000	100.0385	39.7385	0.8230	0.8251	5.0000	-9999.0000	-9999.0000	-9999.0000	-9999.0000	-9999.0000	-9999.0000	21.0430	4	0	25.3034	1.0000	99	9	-9999.0000	33065	14438	-9999	2501	2496	-9999	387.7238	5	0.5422	0.5696	-0.0025	92.0086	-0.0249	641.6041	350.7549	37.8938	592.4389	95.8612	639.7608	94.9874	653.1196	94.8034	660.8427	94.8264	
30/12/2017	23:50:28	019003	G488143615MLR	L488	S		623.0401	1.0216	0.0000	100.0479	39.9487	0.8230	0.8259	4.0000	20.0428	713.1554	94.7805	11.0113	24.7692	0.9300	0.9421	0.5677	-0.0023	713.0000	713.4483	1.0256	-2.0000	100.0273	39.6515	0.8230	0.8250	5.0000	-9999.0000	-9999.0000	-9999.0000	-9999.0000	-9999.0000	-9999.0000	20.9522	5	0	25.3044	1.0000	99	9	-9999.0000	33066	14439	-9999	2502	2497	-9999	386.8782	5	0.5427	0.5677	-0.0023	103.0009	-1.0685	639.4019	357.4150	38.4686	589.3004	95.9301	637.4251	95.0104	650.8554	94.8724	660.5740	94.9644	
30/12/2017	23:50:53	019003	G488142407MLR	L488	S		622.3185	1.0216	0.0000	99.9977	39.8794	0.8230	0.8256	4.0000	20.0330	713.1108	94.9874	10.4614	24.7692	0.9300	0.9422	0.5661	-0.0022	713.0000	713.6737	1.0256	-2.0000	100.0374	39.6443	0.8230	0.8251	5.0000	-9999.0000	-9999.0000	-9999.0000	-9999.0000	-9999.0000	-9999.0000	21.3330	6	0	25.4235	1.0000	99	9	-9999.0000	33067	14440	-9999	2503	2498	-9999	387.6967	5	0.5433	0.5661	-0.0022	103.0772	-1.0754	644.8651	362.5268	38.1467	590.5608	95.8612	642.7651	95.1943	655.7072	94.8724	663.9803	94.8724	
30/12/2017	23:51:19	019003	G488142400MLR	L488	S		620.6692	1.0216	0.0000	99.9675	39.7231	0.8230	0.8257	4.0000	20.0526	713.1453	94.7345	11.1412	24.7692	0.9300	0.9422	0.5664	-0.0022	713.0000	713.1597	1.0256	-2.0000	100.0347	39.7361	0.8230	0.8253	5.0000	-9999.0000	-9999.0000	-9999.0000	-9999.0000	-9999.0000	-9999.0000	20.9131	7	0	25.2730	1.0000	99	9	-9999.0000	33068	14441	-9999	2504	2499	-9999	386.5925	5	0.5437	0.5664	-0.0022	103.1092	-1.0787	639.5009	354.5055	39.2734	589.8798	95.8152	637.3814	95.1713	651.2284	94.9184	659.2388	94.9644	
30/12/2017	23:51:44	019003	G488142410MLR	L488	S		621.4190	1.0216	0.0000	99.9117	39.8461	0.8230	0.8259	4.0000	20.0829	713.1351	94.8724	10.5513	24.7692	0.9300	0.9422	0.5661	-0.0022	713.0000	713.1722	1.0256	-2.0000	100.0305	39.7248	0.8230	0.8251	5.0000	-9999.0000	-9999.0000	-9999.0000	-9999.0000	-9999.0000	-9999.0000	20.8731	8	0	25.4236	1.0000	99	9	-9999.0000	33069	14442	-9999	2505	2500	-9999	387.5473	5	0.5437	0.5661	-0.0022	103.2149	-1.1150	643.4118	352.6461	39.6643	591.1787	95.5622	641.3748	95.0104	654.5078	94.8954	663.6815	95.0104	
30/12/2017	23:52:09	019003	G488142445MLR	L488	S		625.0247	1.0216	0.0000	99.9696	39.9487	0.8230	0.8258	4.0000	20.0625	713.1518	94.8494	10.2515	24.7692	0.9300	0.9422	0.5664	-0.0022	713.0000	714.3362	1.0256	-2.0000	100.0561	39.6766	0.8230	0.8251	5.0000	-9999.0000	-9999.0000	-9999.0000	-9999.0000	-9999.0000	-9999.0000	20.8730	1	0	25.3337	1.0000	99	9	-9999.0000	33070	14443	-9999	2506	2501	-9999	388.0036	5	0.5434	0.5664	-0.0022	104.3811	-1.2434	645.0506	352.8750	37.1120	591.4640	95.9531	643.0559	94.8724	656.3636	94.7805	665.4442	94.8494	
30/12/2017	23:52:37	019003	G488142453MLR	L488	S		614.2664	1.0216	0.0000	100.0234	39.8226	0.8230	0.8256	4.0000	20.0330	713.1155	94.8264	10.0112	24.7692	0.9300	0.9422	0.5660	-0.0022	713.0000	712.1033	1.0256	-2.0000	100.0342	39.6790	0.8230	0.8251	5.0000	-9999.0000	-9999.0000	-9999.0000	-9999.0000	-9999.0000	-9999.0000	21.3730	2	0	27.3544	1.0000	99	9	-9999.0000	33071	14444	-9999	2507	2502	-9999	388.3589	5	0.5436	0.5660	-0.0022	106.7855	-1.4823	647.8006	370.5180	37.8478	591.9731	95.8152	645.3729	95.1254	658.6085	94.9414	667.8109	94.9414	
30/12/2017	23:53:02	019003	G488142462MLR	L488	S		620.6744	1.0216	0.0000	100.0032	39.7558	0.8230	0.8258	4.0000	20.0527	713.1160	94.6885	10.5718	24.7692	0.9300	0.9423	0.5643	-0.0020	713.0000	713.2474	1.0256	-2.0000	100.0296	39.7325	0.8230	0.8251	5.0000	-9999.0000	-9999.0000	-9999.0000	-9999.0000	-9999.0000	-9999.0000	21.2528	3	0	25.3033	1.0000	99	9	-9999.0000	33072	14445	-9999	2508	2503	-9999	387.4365	5	0.5428	0.5643	-0.0020	70.0604	1.9856	644.8158	365.5700	38.1007	592.5707	95.8382	642.5069	95.1713	655.5587	94.9414	663.8291	94.9874	
30/12/2017	23:53:35	019003	G488142423MLR	L488	S		620.6502	1.0216	0.0000	100.0417	39.9448	0.8230	0.8260	4.0000	20.0633	713.0910	94.6885	11.6013	24.7692	0.9300	0.9423	0.5656	-0.0021	713.0000	713.1526	1.0256	-2.0000	100.0461	39.7138	0.8230	0.8250	5.0000	-9999.0000	-9999.0000	-9999.0000	-9999.0000	-9999.0000	-9999.0000	21.3829	4	0	33.1444	1.0000	99	9	-9999.0000	33073	14446	-9999	2509	2504	-9999	385.9204	5	0.5429	0.5656	-0.0021	79.6107	1.0762	639.0999	329.4558	38.4916	585.8786	95.7692	637.2189	94.9644	648.7857	94.9184	657.1312	95.0104	
30/12/2017	23:54:01	019003	G488142433MLR	L488	S		624.1153	1.0216	0.0000	99.9633	39.9487	0.8230	0.8257	4.0000	20.0830	713.1139	94.7575	10.8912	24.7692	0.9300	0.9422	0.5613	-0.0017	713.0000	714.0261	1.0256	-2.0000	100.0294	39.6820	0.8230	0.8251	5.0000	-9999.0000	-9999.0000	-9999.0000	-9999.0000	-9999.0000	-9999.0000	20.7734	5	0	25.3434	1.0000	99	9	-9999.0000	33074	14447	-9999	2510	2505	-9999	386.9498	5	0.5428	0.5613	-0.0017	70.5000	1.9637	644.4918	337.3838	35.0196	584.1782	96.2291	642.6480	94.5045	653.6412	94.7575	664.3029	95.0794	
30/12/2017	23:54:29	019003	G488142455MLR	L488	S		627.1571	1.0216	0.0000	99.9730	39.8014	0.8230	0.8256	4.0000	20.0720	713.1860	94.8034	10.0014	24.7692	0.9300	0.9422	0.5679	-0.0023	713.0000	714.4364	1.0256	-2.0000	100.0411	39.7527	0.8230	0.8252	5.0000	-9999.0000	-9999.0000	-9999.0000	-9999.0000	-9999.0000	-9999.0000	20.8720	6	0	28.1142	1.0000	99	9	-9999.0000	33075	14448	-9999	2511	2506	-9999	388.4556	5	0.5434	0.5679	-0.0023	117.0275	-2.3396	647.0569	322.4875	34.5137	588.6688	96.4130	645.5521	94.5965	657.6507	94.8724	667.8309	95.0334	
30/12/2017	23:54:54	019003	G488142428MLR	L488	S		628.5769	1.0216	0.0000	100.0158	39.8287	0.8230	0.8259	4.0000	20.0828	713.1559	94.8494	10.3208	24.7692	0.9300	0.9422	0.5657	-0.0021	713.0000	714.6190	1.0256	-2.0000	100.0142	39.6387	0.8230	0.8249	5.0000	-9999.0000	-9999.0000	-9999.0000	-9999.0000	-9999.0000	-9999.0000	21.6524	7	0	25.3640	1.0000	99	9	-9999.0000	33076	14449	-9999	2512	2507	-9999	387.9267	5	0.5434	0.5657	-0.0021	115.4838	-2.1670	644.9020	335.7276	38.4226	587.0240	96.0681	642.2191	94.8034	656.7635	94.9184	666.1450	95.0334	
30/12/2017	23:55:19	019003	G488142465MLR	L488	S		630.5443	1.0216	0.0000	100.6279	39.9487	0.8230	0.8260	4.0000	20.1130	713.0957	94.9644	9.3021	24.7692	0.9300	0.9422	0.5625	-0.0018	713.0000	714.8476	1.0256	-2.0000	100.0182	39.6651	0.8230	0.8250	5.0000	-9999.0000	-9999.0000	-9999.0000	-9999.0000	-9999.0000	-9999.0000	22.4738	8	0	25.2827	1.0000	99	9	-9999.0000	33077	14450	-9999	2513	2508	-9999	389.0177	5	0.5433	0.5625	-0.0018	105.4690	-1.2012	657.3701	334.4581	37.2040	601.0440	95.9991	655.3028	95.0334	667.2927	94.8724	676.0135	94.9414	
30/12/2017	23:55:45	019003	G488142449MLR	L488	S		620.4253	1.0216	0.0000	100.0462	39.8950	0.8230	0.8257	4.0000	20.0427	713.1210	94.8034	11.2008	24.7692	0.9300	0.9422	0.5678	-0.0023	713.0000	713.3739	1.0256	-2.0000	100.0413	39.7587	0.8230	0.8252	5.0000	-9999.0000	-9999.0000	-9999.0000	-9999.0000	-9999.0000	-9999.0000	20.9035	1	0	25.3143	1.0000	99	9	-9999.0000	33078	14451	-9999	2514	2509	-9999	386.3538	5	0.5430	0.5678	-0.0023	110.2792	-1.6776	637.4035	326.9293	37.4109	585.0780	96.0681	635.4612	95.1713	648.1604	94.8954	657.1674	94.8954	
30/12/2017	23:56:10	019003	G488142439MLR	L488	S		627.8288	1.0216	0.0000	99.9964	39.8231	0.8230	0.8258	4.0000	20.0827	713.1835	94.9184	10.0317	24.6666	0.9300	0.9422	0.5665	-0.0022	713.0000	715.3095	1.0256	-2.0000	100.0282	39.7393	0.8230	0.8251	5.0000	-9999.0000	-9999.0000	-9999.0000	-9999.0000	-9999.0000	-9999.0000	21.0527	2	0	25.2935	1.0000	99	9	-9999.0000	33079	14452	-9999	2515	2510	-9999	388.3141	5	0.5431	0.5665	-0.0022	94.1827	-0.2130	648.7322	339.9966	37.6638	593.0036	95.9301	646.9004	94.8494	659.5489	94.7575	668.8420	95.0104	
30/12/2017	23:56:35	019003	G488142468MLR	L488	S		623.7841	1.0216	0.0000	99.9576	39.8466	0.8230	0.8259	4.0000	20.0721	713.1260	94.7115	11.5720	24.6666	0.9300	0.9421	0.5597	-0.0016	713.0000	713.7972	1.0256	-2.0000	100.0323	39.6531	0.8230	0.8249	5.0000	-9999.0000	-9999.0000	-9999.0000	-9999.0000	-9999.0000	-9999.0000	21.7432	3	0	25.2732	1.0000	99	9	-9999.0000	33080	14453	-9999	2515	2511	-9999	385.9898	5	0.5426	0.5597	-0.0016	54.6594	3.2534	640.5103	327.7095	38.4226	587.3616	96.0451	638.9053	94.9874	651.2607	94.9184	660.2103	94.9874	
30/12/2017	23:57:01	019003	G488142459MLR	L488	S		619.6082	1.0216	0.0000	100.0366	39.9487	0.8230	0.8259	4.0000	20.0929	713.0844	94.7115	11.6022	24.6666	0.9300	0.9423	0.5572	-0.0014	713.0000	713.5721	1.0256	-2.0000	100.0475	39.7503	0.8230	0.8252	5.0000	-9999.0000	-9999.0000	-9999.0000	-9999.0000	-9999.0000	-9999.0000	20.9130	4	0	25.3336	1.0000	99	9	-9999.0000	33081	14454	-9999	2516	2512	-9999	385.9069	5	0.5427	0.5572	-0.0014	51.5298	3.5308	645.0818	337.7470	38.6066	590.5871	95.9991	643.2977	94.9184	655.2000	94.8724	662.3274	95.0104	
30/12/2017	23:57:26	019003	G488142224MLR	L488	S		626.5331	1.0216	0.0000	100.0368	39.8666	0.8230	0.8257	4.0000	20.0427	713.1052	95.0104	10.4419	24.6666	0.9300	0.9424	0.5577	-0.0014	713.0000	713.2599	1.0256	-2.0000	100.0400	39.7651	0.8230	0.8251	5.0000	-9999.0000	-9999.0000	-9999.0000	-9999.0000	-9999.0000	-9999.0000	21.2421	5	0	25.2635	1.0000	99	9	-9999.0000	33082	14455	-9999	2517	2513	-9999	387.0721	5	0.5428	0.5577	-0.0014	44.8066	4.1890	651.7730	340.6240	39.1355	596.2214	95.7692	650.0069	95.0334	660.5432	94.8494	669.0002	94.9414	
30/12/2017	23:57:51	019003	G488142233MLR	L488	S		625.2252	1.0216	0.0000	99.9837	39.8333	0.8230	0.8258	4.0000	20.0623	713.1426	94.8724	9.6410	24.7692	0.9300	0.9425	0.5570	-0.0014	713.0000	713.1888	1.0256	-2.0000	100.0217	39.6675	0.8230	0.8248	5.0000	-9999.0000	-9999.0000	-9999.0000	-9999.0000	-9999.0000	-9999.0000	22.3830	6	0	25.4537	1.0000	99	9	-9999.0000	33083	14456	-9999	2518	2514	-9999	387.8360	5	0.5430	0.5570	-0.0014	44.2224	4.3087	656.7727	347.1032	37.7788	600.0785	96.0911	654.8118	94.8954	666.8065	94.9184	675.5481	95.0104	
30/12/2017	23:58:16	019003	G488142243MLR	L488	S		624.9950	1.0216	0.0000	100.5932	39.9382	0.8230	0.8260	4.0000	20.0926	713.0990	94.6195	10.6919	24.7692	0.9300	0.9425	0.5576	-0.0014	713.0000	714.7316	1.0256	-2.0000	100.0348	39.6691	0.8230	0.8249	5.0000	-9999.0000	-9999.0000	-9999.0000	-9999.0000	-9999.0000	-9999.0000	22.5832	7	0	25.2535	1.0000	99	9	-9999.0000	33084	14457	-9999	2519	2515	-9999	386.6630	5	0.5424	0.5576	-0.0014	54.9184	3.1666	654.1196	342.1031	38.1927	599.7330	95.9531	652.2266	95.0794	662.5168	94.9184	670.1009	95.0334	
30/12/2017	23:58:42	019003	G488142262MLR	L488	S		626.1539	1.0216	0.0000	99.9602	39.9341	0.8230	0.8258	4.0000	20.0635	713.1403	94.9644	8.9310	24.7692	0.9300	0.9424	0.5574	-0.0014	713.0000	710.4342	1.0256	-2.0000	100.0340	39.7764	0.8230	0.8251	5.0000	-9999.0000	-9999.0000	-9999.0000	-9999.0000	-9999.0000	-9999.0000	21.4120	8	0	25.3640	1.0000	99	9	-9999.0000	33085	14458	-9999	2520	2516	-9999	388.4677	5	0.5420	0.5574	-0.0014	44.2123	4.3154	659.5843	334.9272	37.5489	606.1642	96.0681	657.5537	95.0104	670.1622	94.8724	678.8846	94.8954	
30/12/2017	23:59:07	019003	G488142263MLR	L488	S		621.2043	1.0216	0.0000	99.9823	39.8461	0.8230	0.8257	4.0000	20.0429	713.1385	94.7345	10.7818	24.7692	0.9300	0.9424	0.5572	-0.0014	713.0000	712.8941	1.0256	-2.0000	100.0391	39.7513	0.8230	0.8249	5.0000	-9999.0000	-9999.0000	-9999.0000	-9999.0000	-9999.0000	-9999.0000	21.7227	1	0	25.3229	1.0000	99	9	-9999.0000	33086	14459	-9999	2521	2517	-9999	386.5963	5	0.5417	0.5572	-0.0014	45.8502	4.0703	648.3359	334.3378	36.0543	595.3649	96.2980	646.7959	94.8954	658.5185	94.9414	666.9925	94.9644	
30/12/2017	23:59:36	019003	G488142267MLR	L488	S		624.3962	1.0216	0.0000	99.9887	39.8510	0.8230	0.8258	4.0000	20.0634	713.1284	94.7345	10.7613	24.7692	0.9300	0.9423	0.5583	-0.0015	713.0000	711.6310	1.0256	-2.0000	100.0497	39.7042	0.8230	0.8250	5.0000	-9999.0000	-9999.0000	-9999.0000	-9999.0000	-9999.0000	-9999.0000	21.0430	2	0	29.0549	1.0000	99	9	-9999.0000	33087	14460	-9999	2522	2518	-9999	386.6239	5	0.5422	0.5583	-0.0015	62.8157	2.4755	648.0689	334.1883	36.0773	589.8279	96.3900	646.0067	95.0794	658.0314	94.8954	665.5704	94.7575	
